Member (6 -> 2)
 46708.4  80909.2 -46708.4 -80909.2
 80909.2   140153 -80909.2  -140153
-46708.4 -80909.2  46708.4  80909.2
-80909.2  -140153  80909.2   140153

Member (0 -> 1)
 186875      -0 -186875       0
     -0       0       0      -0
-186875       0  186875      -0
      0      -0      -0       0

Member (2 -> 7)
 46708.3 -80909.2 -46708.3  80909.2
-80909.2   140153  80909.2  -140153
-46708.3  80909.2  46708.3 -80909.2
 80909.2  -140153 -80909.2   140153

Member (1 -> 2)
 186875      -0 -186875       0
     -0       0       0      -0
-186875       0  186875      -0
      0      -0      -0       0

Member (2 -> 3)
 186875      -0 -186875       0
     -0       0       0      -0
-186875       0  186875      -0
      0      -0      -0       0

Member (0 -> 5)
 46708.3 -80909.2 -46708.3  80909.2
-80909.2   140153  80909.2  -140153
-46708.3  80909.2  46708.3 -80909.2
 80909.2  -140153 -80909.2   140153

Member (5 -> 1)
 46708.4  80909.2 -46708.4 -80909.2
 80909.2   140153 -80909.2  -140153
-46708.4 -80909.2  46708.4  80909.2
-80909.2  -140153  80909.2   140153

Member (1 -> 6)
 46708.3 -80909.2 -46708.3  80909.2
-80909.2   140153  80909.2  -140153
-46708.3  80909.2  46708.3 -80909.2
 80909.2  -140153 -80909.2   140153

Member (7 -> 3)
 46708.4  80909.2 -46708.4 -80909.2
 80909.2   140153 -80909.2  -140153
-46708.4 -80909.2  46708.4  80909.2
-80909.2  -140153  80909.2   140153

Member (5 -> 6)
 186875      -0 -186875       0
     -0       0       0      -0
-186875       0  186875      -0
      0      -0      -0       0

Member (6 -> 7)
 186875      -0 -186875       0
     -0       0       0      -0
-186875       0  186875      -0
      0      -0      -0       0

Global Stiffness Matrix
    233583   -80909.2    -186875          0          0          0          0          0   -46708.3    80909.2          0          0          0          0
  -80909.2     140153          0          0          0          0          0          0    80909.2    -140153          0          0          0          0
   -186875          0     467167 0.00274473    -186875          0          0          0   -46708.4   -80909.2   -46708.3    80909.2          0          0
         0          0 0.00274473     280306          0          0          0          0   -80909.2    -140153    80909.2    -140153          0          0
         0          0    -186875          0     467167 0.00548945    -186875          0          0          0   -46708.4   -80909.2   -46708.3    80909.2
         0          0          0          0 0.00548945     280306          0          0          0          0   -80909.2    -140153    80909.2    -140153
         0          0          0          0    -186875          0     233583    80909.2          0          0          0          0   -46708.4   -80909.2
         0          0          0          0          0          0    80909.2     140153          0          0          0          0   -80909.2    -140153
  -46708.3    80909.2   -46708.4   -80909.2          0          0          0          0     280292 0.00411709    -186875          0          0          0
   80909.2    -140153   -80909.2    -140153          0          0          0          0 0.00411709     280306          0          0          0          0
         0          0   -46708.3    80909.2   -46708.4   -80909.2          0          0    -186875          0     467167 0.00411709    -186875          0
         0          0    80909.2    -140153   -80909.2    -140153          0          0          0          0 0.00411709     280306          0          0
         0          0          0          0   -46708.3    80909.2   -46708.4   -80909.2          0          0    -186875          0     280292 0.00548945
         0          0          0          0    80909.2    -140153   -80909.2    -140153          0          0          0          0 0.00548945     280306

Global Force Matrix
          0
          0
1.28588e-11
     210000
1.71451e-11
     280000
          0
          0
          0
          0
          0
          0
          0
          0

Reduced Global Stiffness Matrix
Nonzero entries:
(467167,0) (0.00274473,1) (-186875,2) (0,3) (0,4) (-46708.4,5) (-80909.2,6) (-46708.3,7) (80909.2,8) (0,9) (0,10) (_,_) (0.00274473,0) (280306,1) (0,2) (0,3) (0,4) (-80909.2,5) (-140153,6) (80909.2,7) (-140153,8) (0,9) (0,10) (_,_) (-186875,0) (0,1) (467167,2) (0.00548945,3) (-186875,4) (0,5) (0,6) (-46708.4,7) (-80909.2,8) (-46708.3,9) (80909.2,10) (_,_) (0,0) (0,1) (0.00548945,2) (280306,3) (0,4) (0,5) (0,6) (-80909.2,7) (-140153,8) (80909.2,9) (-140153,10) (_,_) (0,0) (0,1) (-186875,2) (0,3) (233583,4) (0,5) (0,6) (0,7) (0,8) (-46708.4,9) (-80909.2,10) (_,_) (-46708.4,0) (-80909.2,1) (0,2) (0,3) (0,4) (280292,5) (0.00411709,6) (-186875,7) (0,8) (0,9) (0,10) (_,_) (-80909.2,0) (-140153,1) (0,2) (0,3) (0,4) (0.00411709,5) (280306,6) (0,7) (0,8) (0,9) (0,10) (_,_) (-46708.3,0) (80909.2,1) (-46708.4,2) (-80909.2,3) (0,4) (-186875,5) (0,6) (467167,7) (0.00411709,8) (-186875,9) (0,10) (_,_) (80909.2,0) (-140153,1) (-80909.2,2) (-140153,3) (0,4) (0,5) (0,6) (0.00411709,7) (280306,8) (0,9) (0,10) (_,_) (0,0) (0,1) (-46708.3,2) (80909.2,3) (-46708.4,4) (0,5) (0,6) (-186875,7) (0,8) (280292,9) (0.00548945,10) (_,_) (0,0) (0,1) (80909.2,2) (-140153,3) (-80909.2,4) (0,5) (0,6) (0,7) (0,8) (0.00548945,9) (280306,10) (_,_) 

Outer pointers:
0 12 24 36 48 60 72 84 96 108 120  $
Inner non zeros:
11 11 11 11 11 11 11 11 11 11 11  $

467167 0.00274473 -186875 0 0 -46708.4 -80909.2 -46708.3 80909.2 0 0 
0.00274473 280306 0 0 0 -80909.2 -140153 80909.2 -140153 0 0 
-186875 0 467167 0.00548945 -186875 0 0 -46708.4 -80909.2 -46708.3 80909.2 
0 0 0.00548945 280306 0 0 0 -80909.2 -140153 80909.2 -140153 
0 0 -186875 0 233583 0 0 0 0 -46708.4 -80909.2 
-46708.4 -80909.2 0 0 0 280292 0.00411709 -186875 0 0 0 
-80909.2 -140153 0 0 0 0.00411709 280306 0 0 0 0 
-46708.3 80909.2 -46708.4 -80909.2 0 -186875 0 467167 0.00411709 -186875 0 
80909.2 -140153 -80909.2 -140153 0 0 0 0.00411709 280306 0 0 
0 0 -46708.3 80909.2 -46708.4 0 0 -186875 0 280292 0.00548945 
0 0 80909.2 -140153 -80909.2 0 0 0 0 0.00548945 280306 


Reduced Global Force Matrix
Nonzero entries:
(1.28588e-11,0) (210000,1) (1.71451e-11,2) (280000,3) (0,4) (0,5) (0,6) (0,7) (0,8) (0,9) (0,10) (_,_) (_,_) (_,_) (_,_) (_,_) (_,_) (_,_) (_,_) (_,_) (_,_) (_,_) 

Outer pointers:
0  $
Inner non zeros:
11  $

1.28588e-11
210000
1.71451e-11
280000
0
0
0
0
0
0
0


Reduced Global Displacement Matrix
Nonzero entries:
(0.720812,0) (6.3535,1) (2.23452,2) (6.75583,3) (3.02741,4) (2.97936,5) (3.38481,6) (1.53773,7) (6.99159,8) (-0.0480541,9) (3.60678,10) 

Outer pointers:
0  $

0.720812
6.3535
2.23452
6.75583
3.02741
2.97936
3.38481
1.53773
6.99159
-0.0480541
3.60678


Global Displacement Matrix
         0
         0
  0.720812
    6.3535
   2.23452
   6.75583
   3.02741
         0
   2.97936
   3.38481
   1.53773
   6.99159
-0.0480541
   3.60678

Global Resultant Matrix
-2.32831e-10
     -233333
 1.03557e-10
           0
 -1.3356e-10
-9.31323e-10
 5.82077e-11
     -256667
 1.16415e-10
-1.16415e-10
 3.07409e-10
 2.32831e-10
-2.63981e-10
 2.32831e-10

Global Displacement Matrix - Settlement Transformed
         0
         0
  0.720812
    6.3535
   2.23452
   6.75583
   3.02741
         0
   2.97936
   3.38481
   1.53773
   6.99159
-0.0480541
   3.60678

Global Resultant Matrix - Settlement Transformed
-2.32831e-10
     -233333
 1.03557e-10
           0
 -1.3356e-10
-9.31323e-10
 5.82077e-11
     -256667
 1.16415e-10
-1.16415e-10
 3.07409e-10
 2.32831e-10
-2.63981e-10
 2.32831e-10

