Member (12 -> 9)
 2.07241e+08           -0 -2.07241e+08            0
          -0            0            0           -0
-2.07241e+08            0  2.07241e+08           -0
           0           -0           -0            0

Member (0 -> 1)
           0           -0           -0            0
          -0  3.68859e+08            0 -3.68859e+08
          -0            0            0           -0
           0 -3.68859e+08           -0  3.68859e+08

Member (12 -> 15)
 2.11999e+08 -4.63159e+06 -2.11999e+08  4.63159e+06
-4.63159e+06       101188  4.63159e+06      -101188
-2.11999e+08  4.63159e+06  2.11999e+08 -4.63159e+06
 4.63159e+06      -101188 -4.63159e+06       101188

Member (13 -> 15)
 2.21986e+08 -5.92699e+06 -2.21986e+08  5.92699e+06
-5.92699e+06       158249  5.92699e+06      -158249
-2.21986e+08  5.92699e+06  2.21986e+08 -5.92699e+06
 5.92699e+06      -158249 -5.92699e+06       158249

Member (14 -> 13)
 2.37554e+08 -8.68588e+06 -2.37554e+08  8.68588e+06
-8.68588e+06       317589  8.68588e+06      -317589
-2.37554e+08  8.68588e+06  2.37554e+08 -8.68588e+06
 8.68588e+06      -317589 -8.68588e+06       317589

Member (0 -> 14)
 2.58921e+08 -1.18305e+07 -2.58921e+08  1.18305e+07
-1.18305e+07       540551  1.18305e+07      -540551
-2.58921e+08  1.18305e+07  2.58921e+08 -1.18305e+07
 1.18305e+07      -540551 -1.18305e+07       540551

Member (0 -> 6)
 8.14447e+07  -1.2528e+08 -8.14447e+07   1.2528e+08
 -1.2528e+08  1.92708e+08   1.2528e+08 -1.92708e+08
-8.14447e+07   1.2528e+08  8.14447e+07  -1.2528e+08
  1.2528e+08 -1.92708e+08  -1.2528e+08  1.92708e+08

Member (6 -> 14)
 8.58128e+07  1.32832e+08 -8.58128e+07 -1.32832e+08
 1.32832e+08  2.05615e+08 -1.32832e+08 -2.05615e+08
-8.58128e+07 -1.32832e+08  8.58128e+07  1.32832e+08
-1.32832e+08 -2.05615e+08  1.32832e+08  2.05615e+08

Member (14 -> 8)
 6.74444e+07 -1.09186e+08 -6.74444e+07  1.09186e+08
-1.09186e+08  1.76761e+08  1.09186e+08 -1.76761e+08
-6.74444e+07  1.09186e+08  6.74444e+07 -1.09186e+08
 1.09186e+08 -1.76761e+08 -1.09186e+08  1.76761e+08

Member (8 -> 13)
  7.0236e+07  1.14146e+08  -7.0236e+07 -1.14146e+08
 1.14146e+08  1.85506e+08 -1.14146e+08 -1.85506e+08
 -7.0236e+07 -1.14146e+08   7.0236e+07  1.14146e+08
-1.14146e+08 -1.85506e+08  1.14146e+08  1.85506e+08

Member (13 -> 7)
 5.91684e+07 -9.88398e+07 -5.91684e+07  9.88398e+07
-9.88398e+07   1.6511e+08  9.88398e+07  -1.6511e+08
-5.91684e+07  9.88398e+07  5.91684e+07 -9.88398e+07
 9.88398e+07  -1.6511e+08 -9.88398e+07   1.6511e+08

Member (7 -> 15)
 6.08069e+07  1.01963e+08 -6.08069e+07 -1.01963e+08
 1.01963e+08  1.70975e+08 -1.01963e+08 -1.70975e+08
-6.08069e+07 -1.01963e+08  6.08069e+07  1.01963e+08
-1.01963e+08 -1.70975e+08  1.01963e+08  1.70975e+08

Member (15 -> 10)
 5.44523e+07 -9.27623e+07 -5.44523e+07  9.27623e+07
-9.27623e+07  1.58026e+08  9.27623e+07 -1.58026e+08
-5.44523e+07  9.27623e+07  5.44523e+07 -9.27623e+07
 9.27623e+07 -1.58026e+08 -9.27623e+07  1.58026e+08

Member (10 -> 12)
 5.61372e+07  9.52619e+07 -5.61372e+07 -9.52619e+07
 9.52619e+07  1.61654e+08 -9.52619e+07 -1.61654e+08
-5.61372e+07 -9.52619e+07  5.61372e+07  9.52619e+07
-9.52619e+07 -1.61654e+08  9.52619e+07  1.61654e+08

Member (12 -> 11)
 5.31953e+07 -9.09178e+07 -5.31953e+07  9.09178e+07
-9.09178e+07   1.5539e+08  9.09178e+07  -1.5539e+08
-5.31953e+07  9.09178e+07  5.31953e+07 -9.09178e+07
 9.09178e+07  -1.5539e+08 -9.09178e+07   1.5539e+08

Member (11 -> 9)
 5.27365e+07   9.0766e+07 -5.27365e+07  -9.0766e+07
  9.0766e+07   1.5622e+08  -9.0766e+07  -1.5622e+08
-5.27365e+07  -9.0766e+07  5.27365e+07   9.0766e+07
 -9.0766e+07  -1.5622e+08   9.0766e+07   1.5622e+08

Member (1 -> 6)
 4.80838e+08 -8.39474e+07 -4.80838e+08  8.39474e+07
-8.39474e+07   1.4656e+07  8.39474e+07  -1.4656e+07
-4.80838e+08  8.39474e+07  4.80838e+08 -8.39474e+07
 8.39474e+07  -1.4656e+07 -8.39474e+07   1.4656e+07

Member (6 -> 8)
 2.40964e+08 -3.61153e+07 -2.40964e+08  3.61153e+07
-3.61153e+07  5.41288e+06  3.61153e+07 -5.41288e+06
-2.40964e+08  3.61153e+07  2.40964e+08 -3.61153e+07
 3.61153e+07 -5.41288e+06 -3.61153e+07  5.41288e+06

Member (8 -> 7)
 2.26018e+08 -2.58039e+07 -2.26018e+08  2.58039e+07
-2.58039e+07  2.94596e+06  2.58039e+07 -2.94596e+06
-2.26018e+08  2.58039e+07  2.26018e+08 -2.58039e+07
 2.58039e+07 -2.94596e+06 -2.58039e+07  2.94596e+06

Member (7 -> 10)
 2.15835e+08 -1.66027e+07 -2.15835e+08  1.66027e+07
-1.66027e+07  1.27713e+06  1.66027e+07 -1.27713e+06
-2.15835e+08  1.66027e+07  2.15835e+08 -1.66027e+07
 1.66027e+07 -1.27713e+06 -1.66027e+07  1.27713e+06

Member (10 -> 11)
 2.09966e+08 -8.04885e+06 -2.09966e+08  8.04885e+06
-8.04885e+06       308545  8.04885e+06      -308545
-2.09966e+08  8.04885e+06  2.09966e+08 -8.04885e+06
 8.04885e+06      -308545 -8.04885e+06       308545

Member (2 -> 3)
           0           -0           -0            0
          -0  3.68859e+08            0 -3.68859e+08
          -0            0            0           -0
           0 -3.68859e+08           -0  3.68859e+08

Member (4 -> 9)
 2.07241e+08            0 -2.07241e+08           -0
           0            0           -0           -0
-2.07241e+08           -0  2.07241e+08            0
          -0           -0            0            0

Member (4 -> 5)
 2.11999e+08  4.63159e+06 -2.11999e+08 -4.63159e+06
 4.63159e+06       101188 -4.63159e+06      -101188
-2.11999e+08 -4.63159e+06  2.11999e+08  4.63159e+06
-4.63159e+06      -101188  4.63159e+06       101188

Member (16 -> 5)
 2.21986e+08  5.92698e+06 -2.21986e+08 -5.92698e+06
 5.92698e+06       158249 -5.92698e+06      -158249
-2.21986e+08 -5.92698e+06  2.21986e+08  5.92698e+06
-5.92698e+06      -158249  5.92698e+06       158249

Member (17 -> 16)
 2.37554e+08  8.68589e+06 -2.37554e+08 -8.68589e+06
 8.68589e+06       317590 -8.68589e+06      -317590
-2.37554e+08 -8.68589e+06  2.37554e+08  8.68589e+06
-8.68589e+06      -317590  8.68589e+06       317590

Member (2 -> 17)
 2.58921e+08  1.18305e+07 -2.58921e+08 -1.18305e+07
 1.18305e+07       540551 -1.18305e+07      -540551
-2.58921e+08 -1.18305e+07  2.58921e+08  1.18305e+07
-1.18305e+07      -540551  1.18305e+07       540551

Member (2 -> 18)
 8.14447e+07   1.2528e+08 -8.14447e+07  -1.2528e+08
  1.2528e+08  1.92708e+08  -1.2528e+08 -1.92708e+08
-8.14447e+07  -1.2528e+08  8.14447e+07   1.2528e+08
 -1.2528e+08 -1.92708e+08   1.2528e+08  1.92708e+08

Member (18 -> 17)
 8.58129e+07 -1.32832e+08 -8.58129e+07  1.32832e+08
-1.32832e+08  2.05615e+08  1.32832e+08 -2.05615e+08
-8.58129e+07  1.32832e+08  8.58129e+07 -1.32832e+08
 1.32832e+08 -2.05615e+08 -1.32832e+08  2.05615e+08

Member (17 -> 19)
 6.74444e+07  1.09186e+08 -6.74444e+07 -1.09186e+08
 1.09186e+08  1.76761e+08 -1.09186e+08 -1.76761e+08
-6.74444e+07 -1.09186e+08  6.74444e+07  1.09186e+08
-1.09186e+08 -1.76761e+08  1.09186e+08  1.76761e+08

Member (19 -> 16)
 7.02359e+07 -1.14146e+08 -7.02359e+07  1.14146e+08
-1.14146e+08  1.85506e+08  1.14146e+08 -1.85506e+08
-7.02359e+07  1.14146e+08  7.02359e+07 -1.14146e+08
 1.14146e+08 -1.85506e+08 -1.14146e+08  1.85506e+08

Member (16 -> 20)
 5.91685e+07  9.88398e+07 -5.91685e+07 -9.88398e+07
 9.88398e+07   1.6511e+08 -9.88398e+07  -1.6511e+08
-5.91685e+07 -9.88398e+07  5.91685e+07  9.88398e+07
-9.88398e+07  -1.6511e+08  9.88398e+07   1.6511e+08

Member (20 -> 5)
 6.08069e+07 -1.01963e+08 -6.08069e+07  1.01963e+08
-1.01963e+08  1.70975e+08  1.01963e+08 -1.70975e+08
-6.08069e+07  1.01963e+08  6.08069e+07 -1.01963e+08
 1.01963e+08 -1.70975e+08 -1.01963e+08  1.70975e+08

Member (5 -> 21)
 5.44523e+07  9.27623e+07 -5.44523e+07 -9.27623e+07
 9.27623e+07  1.58026e+08 -9.27623e+07 -1.58026e+08
-5.44523e+07 -9.27623e+07  5.44523e+07  9.27623e+07
-9.27623e+07 -1.58026e+08  9.27623e+07  1.58026e+08

Member (21 -> 4)
 5.61372e+07 -9.52619e+07 -5.61372e+07  9.52619e+07
-9.52619e+07  1.61654e+08  9.52619e+07 -1.61654e+08
-5.61372e+07  9.52619e+07  5.61372e+07 -9.52619e+07
 9.52619e+07 -1.61654e+08 -9.52619e+07  1.61654e+08

Member (4 -> 22)
 5.31953e+07  9.09178e+07 -5.31953e+07 -9.09178e+07
 9.09178e+07  1.55391e+08 -9.09178e+07 -1.55391e+08
-5.31953e+07 -9.09178e+07  5.31953e+07  9.09178e+07
-9.09178e+07 -1.55391e+08  9.09178e+07  1.55391e+08

Member (22 -> 9)
 5.27365e+07  -9.0766e+07 -5.27365e+07   9.0766e+07
 -9.0766e+07   1.5622e+08   9.0766e+07  -1.5622e+08
-5.27365e+07   9.0766e+07  5.27365e+07  -9.0766e+07
  9.0766e+07  -1.5622e+08  -9.0766e+07   1.5622e+08

Member (3 -> 18)
 4.80838e+08  8.39474e+07 -4.80838e+08 -8.39474e+07
 8.39474e+07   1.4656e+07 -8.39474e+07  -1.4656e+07
-4.80838e+08 -8.39474e+07  4.80838e+08  8.39474e+07
-8.39474e+07  -1.4656e+07  8.39474e+07   1.4656e+07

Member (18 -> 19)
 2.40964e+08  3.61152e+07 -2.40964e+08 -3.61152e+07
 3.61152e+07  5.41288e+06 -3.61152e+07 -5.41288e+06
-2.40964e+08 -3.61152e+07  2.40964e+08  3.61152e+07
-3.61152e+07 -5.41288e+06  3.61152e+07  5.41288e+06

Member (19 -> 20)
 2.26018e+08  2.58039e+07 -2.26018e+08 -2.58039e+07
 2.58039e+07  2.94596e+06 -2.58039e+07 -2.94596e+06
-2.26018e+08 -2.58039e+07  2.26018e+08  2.58039e+07
-2.58039e+07 -2.94596e+06  2.58039e+07  2.94596e+06

Member (20 -> 21)
 2.15835e+08  1.66027e+07 -2.15835e+08 -1.66027e+07
 1.66027e+07  1.27713e+06 -1.66027e+07 -1.27713e+06
-2.15835e+08 -1.66027e+07  2.15835e+08  1.66027e+07
-1.66027e+07 -1.27713e+06  1.66027e+07  1.27713e+06

Member (21 -> 22)
 2.09966e+08  8.04885e+06 -2.09966e+08 -8.04885e+06
 8.04885e+06       308545 -8.04885e+06      -308545
-2.09966e+08 -8.04885e+06  2.09966e+08  8.04885e+06
-8.04885e+06      -308545  8.04885e+06       308545

Member (11 -> 22)
 2.07968e+08           -0 -2.07968e+08            0
          -0            0            0           -0
-2.07968e+08            0  2.07968e+08           -0
           0           -0           -0            0

Global Stiffness Matrix
 3.40366e+08 -1.37111e+08            0            0            0            0            0            0            0            0            0            0 -8.14447e+07   1.2528e+08 -2.58921e+08  1.18305e+07            0            0            0            0            0            0            0            0            0            0            0            0            0            0            0            0            0            0            0            0            0            0            0            0            0            0            0            0            0            0
-1.37111e+08  5.62108e+08            0            0            0 -3.68859e+08            0            0            0            0            0            0   1.2528e+08 -1.92708e+08  1.18305e+07      -540551            0            0            0            0            0            0            0            0            0            0            0            0            0            0            0            0            0            0            0            0            0            0            0            0            0            0            0            0            0            0
           0            0  5.19955e+08            0            0            0 -2.07241e+08            0            0            0            0            0            0            0            0            0            0            0            0            0            0            0 -5.27365e+07  -9.0766e+07            0            0            0            0 -2.07241e+08            0            0            0            0            0            0            0            0            0            0            0            0            0            0            0 -5.27365e+07   9.0766e+07
           0            0            0  3.12439e+08            0            0            0            0            0            0            0            0            0            0            0            0            0            0            0            0            0            0  -9.0766e+07  -1.5622e+08            0            0            0            0            0            0            0            0            0            0            0            0            0            0            0            0            0            0            0            0   9.0766e+07  -1.5622e+08
           0            0            0            0  4.80838e+08 -8.39474e+07            0            0            0            0            0            0 -4.80838e+08  8.39474e+07            0            0            0            0            0            0            0            0            0            0            0            0            0            0            0            0            0            0            0            0            0            0            0            0            0            0            0            0            0            0            0            0
           0 -3.68859e+08            0            0 -8.39474e+07  3.83515e+08            0            0            0            0            0            0  8.39474e+07  -1.4656e+07            0            0            0            0            0            0            0            0            0            0            0            0            0            0            0            0            0            0            0            0            0            0            0            0            0            0            0            0            0            0            0            0
           0            0 -2.07241e+08            0            0            0  5.28572e+08      -287458            0            0 -2.11999e+08  4.63159e+06            0            0            0            0            0            0            0            0 -5.61372e+07 -9.52619e+07 -5.31953e+07  9.09178e+07            0            0            0            0            0            0            0            0            0            0            0            0            0            0            0            0            0            0            0            0            0            0
           0            0            0            0            0            0      -287458  3.17146e+08            0            0  4.63159e+06      -101188            0            0            0            0            0            0            0            0 -9.52619e+07 -1.61654e+08  9.09178e+07  -1.5539e+08            0            0            0            0            0            0            0            0            0            0            0            0            0            0            0            0            0            0            0            0            0            0
           0            0            0            0            0            0            0            0  5.88945e+08       692877 -2.21986e+08  5.92699e+06            0            0 -2.37554e+08  8.68588e+06  -7.0236e+07 -1.14146e+08 -5.91684e+07  9.88398e+07            0            0            0            0            0            0            0            0            0            0            0            0            0            0            0            0            0            0            0            0            0            0            0            0            0            0
           0            0            0            0            0            0            0            0       692877  3.51092e+08  5.92699e+06      -158249            0            0  8.68588e+06      -317589 -1.14146e+08 -1.85506e+08  9.88398e+07  -1.6511e+08            0            0            0            0            0            0            0            0            0            0            0            0            0            0            0            0            0            0            0            0            0            0            0            0            0            0
           0            0            0            0            0            0 -2.11999e+08  4.63159e+06 -2.21986e+08  5.92699e+06  5.49244e+08 -1.35788e+06            0            0            0            0            0            0 -6.08069e+07 -1.01963e+08 -5.44523e+07  9.27623e+07            0            0            0            0            0            0            0            0            0            0            0            0            0            0            0            0            0            0            0            0            0            0            0            0
           0            0            0            0            0            0  4.63159e+06      -101188  5.92699e+06      -158249 -1.35788e+06   3.2926e+08            0            0            0            0            0            0 -1.01963e+08 -1.70975e+08  9.27623e+07 -1.58026e+08            0            0            0            0            0            0            0            0            0            0            0            0            0            0            0            0            0            0            0            0            0            0            0            0
-8.14447e+07   1.2528e+08            0            0 -4.80838e+08  8.39474e+07            0            0            0            0            0            0   8.8906e+08  -1.1251e+08 -8.58128e+07 -1.32832e+08 -2.40964e+08  3.61153e+07            0            0            0            0            0            0            0            0            0            0            0            0            0            0            0            0            0            0            0            0            0            0            0            0            0            0            0            0
  1.2528e+08 -1.92708e+08            0            0  8.39474e+07  -1.4656e+07            0            0            0            0            0            0  -1.1251e+08  4.18392e+08 -1.32832e+08 -2.05615e+08  3.61153e+07 -5.41288e+06            0            0            0            0            0            0            0            0            0            0            0            0            0            0            0            0            0            0            0            0            0            0            0            0            0            0            0            0
-2.58921e+08  1.18305e+07            0            0            0            0            0            0 -2.37554e+08  8.68588e+06            0            0 -8.58128e+07 -1.32832e+08  6.49732e+08  3.12996e+06 -6.74444e+07  1.09186e+08            0            0            0            0            0            0            0            0            0            0            0            0            0            0            0            0            0            0            0            0            0            0            0            0            0            0            0            0
 1.18305e+07      -540551            0            0            0            0            0            0  8.68588e+06      -317589            0            0 -1.32832e+08 -2.05615e+08  3.12996e+06  3.83235e+08  1.09186e+08 -1.76761e+08            0            0            0            0            0            0            0            0            0            0            0            0            0            0            0            0            0            0            0            0            0            0            0            0            0            0            0            0
           0            0            0            0            0            0            0            0  -7.0236e+07 -1.14146e+08            0            0 -2.40964e+08  3.61153e+07 -6.74444e+07  1.09186e+08  6.04663e+08 -5.69595e+07 -2.26018e+08  2.58039e+07            0            0            0            0            0            0            0            0            0            0            0            0            0            0            0            0            0            0            0            0            0            0            0            0            0            0
           0            0            0            0            0            0            0            0 -1.14146e+08 -1.85506e+08            0            0  3.61153e+07 -5.41288e+06  1.09186e+08 -1.76761e+08 -5.69595e+07  3.70626e+08  2.58039e+07 -2.94596e+06            0            0            0            0            0            0            0            0            0            0            0            0            0            0            0            0            0            0            0            0            0            0            0            0            0            0
           0            0            0            0            0            0            0            0 -5.91684e+07  9.88398e+07 -6.08069e+07 -1.01963e+08            0            0            0            0 -2.26018e+08  2.58039e+07  5.61828e+08 -3.92834e+07 -2.15835e+08  1.66027e+07            0            0            0            0            0            0            0            0            0            0            0            0            0            0            0            0            0            0            0            0            0            0            0            0
           0            0            0            0            0            0            0            0  9.88398e+07  -1.6511e+08 -1.01963e+08 -1.70975e+08            0            0            0            0  2.58039e+07 -2.94596e+06 -3.92834e+07  3.40308e+08  1.66027e+07 -1.27713e+06            0            0            0            0            0            0            0            0            0            0            0            0            0            0            0            0            0            0            0            0            0            0            0            0
           0            0            0            0            0            0 -5.61372e+07 -9.52619e+07            0            0 -5.44523e+07  9.27623e+07            0            0            0            0            0            0 -2.15835e+08  1.66027e+07  5.36391e+08  -2.2152e+07 -2.09966e+08  8.04885e+06            0            0            0            0            0            0            0            0            0            0            0            0            0            0            0            0            0            0            0            0            0            0
           0            0            0            0            0            0 -9.52619e+07 -1.61654e+08            0            0  9.27623e+07 -1.58026e+08            0            0            0            0            0            0  1.66027e+07 -1.27713e+06  -2.2152e+07  3.21266e+08  8.04885e+06      -308545            0            0            0            0            0            0            0            0            0            0            0            0            0            0            0            0            0            0            0            0            0            0
           0            0 -5.27365e+07  -9.0766e+07            0            0 -5.31953e+07  9.09178e+07            0            0            0            0            0            0            0            0            0            0            0            0 -2.09966e+08  8.04885e+06  5.23866e+08 -8.20059e+06            0            0            0            0            0            0            0            0            0            0            0            0            0            0            0            0            0            0            0            0 -2.07968e+08            0
           0            0  -9.0766e+07  -1.5622e+08            0            0  9.09178e+07  -1.5539e+08            0            0            0            0            0            0            0            0            0            0            0            0  8.04885e+06      -308545 -8.20059e+06  3.11919e+08            0            0            0            0            0            0            0            0            0            0            0            0            0            0            0            0            0            0            0            0            0            0
           0            0            0            0            0            0            0            0            0            0            0            0            0            0            0            0            0            0            0            0            0            0            0            0  3.40366e+08  1.37111e+08            0            0            0            0            0            0            0            0 -2.58921e+08 -1.18305e+07 -8.14447e+07  -1.2528e+08            0            0            0            0            0            0            0            0
           0            0            0            0            0            0            0            0            0            0            0            0            0            0            0            0            0            0            0            0            0            0            0            0  1.37111e+08  5.62108e+08            0 -3.68859e+08            0            0            0            0            0            0 -1.18305e+07      -540551  -1.2528e+08 -1.92708e+08            0            0            0            0            0            0            0            0
           0            0            0            0            0            0            0            0            0            0            0            0            0            0            0            0            0            0            0            0            0            0            0            0            0            0  4.80838e+08  8.39474e+07            0            0            0            0            0            0            0            0 -4.80838e+08 -8.39474e+07            0            0            0            0            0            0            0            0
           0            0            0            0            0            0            0            0            0            0            0            0            0            0            0            0            0            0            0            0            0            0            0            0            0 -3.68859e+08  8.39474e+07  3.83515e+08            0            0            0            0            0            0            0            0 -8.39474e+07  -1.4656e+07            0            0            0            0            0            0            0            0
           0            0 -2.07241e+08            0            0            0            0            0            0            0            0            0            0            0            0            0            0            0            0            0            0            0            0            0            0            0            0            0  5.28572e+08       287451 -2.11999e+08 -4.63159e+06            0            0            0            0            0            0            0            0            0            0 -5.61372e+07  9.52619e+07 -5.31953e+07 -9.09178e+07
           0            0            0            0            0            0            0            0            0            0            0            0            0            0            0            0            0            0            0            0            0            0            0            0            0            0            0            0       287451  3.17146e+08 -4.63159e+06      -101188            0            0            0            0            0            0            0            0            0            0  9.52619e+07 -1.61654e+08 -9.09178e+07 -1.55391e+08
           0            0            0            0            0            0            0            0            0            0            0            0            0            0            0            0            0            0            0            0            0            0            0            0            0            0            0            0 -2.11999e+08 -4.63159e+06  5.49244e+08  1.35787e+06 -2.21986e+08 -5.92698e+06            0            0            0            0            0            0 -6.08069e+07  1.01963e+08 -5.44523e+07 -9.27623e+07            0            0
           0            0            0            0            0            0            0            0            0            0            0            0            0            0            0            0            0            0            0            0            0            0            0            0            0            0            0            0 -4.63159e+06      -101188  1.35787e+06   3.2926e+08 -5.92698e+06      -158249            0            0            0            0            0            0  1.01963e+08 -1.70975e+08 -9.27623e+07 -1.58026e+08            0            0
           0            0            0            0            0            0            0            0            0            0            0            0            0            0            0            0            0            0            0            0            0            0            0            0            0            0            0            0            0            0 -2.21986e+08 -5.92698e+06  5.88944e+08      -692826 -2.37554e+08 -8.68589e+06            0            0 -7.02359e+07  1.14146e+08 -5.91685e+07 -9.88398e+07            0            0            0            0
           0            0            0            0            0            0            0            0            0            0            0            0            0            0            0            0            0            0            0            0            0            0            0            0            0            0            0            0            0            0 -5.92698e+06      -158249      -692826  3.51092e+08 -8.68589e+06      -317590            0            0  1.14146e+08 -1.85506e+08 -9.88398e+07  -1.6511e+08            0            0            0            0
           0            0            0            0            0            0            0            0            0            0            0            0            0            0            0            0            0            0            0            0            0            0            0            0 -2.58921e+08 -1.18305e+07            0            0            0            0            0            0 -2.37554e+08 -8.68589e+06  6.49732e+08 -3.12997e+06 -8.58129e+07  1.32832e+08 -6.74444e+07 -1.09186e+08            0            0            0            0            0            0
           0            0            0            0            0            0            0            0            0            0            0            0            0            0            0            0            0            0            0            0            0            0            0            0 -1.18305e+07      -540551            0            0            0            0            0            0 -8.68589e+06      -317590 -3.12997e+06  3.83234e+08  1.32832e+08 -2.05615e+08 -1.09186e+08 -1.76761e+08            0            0            0            0            0            0
           0            0            0            0            0            0            0            0            0            0            0            0            0            0            0            0            0            0            0            0            0            0            0            0 -8.14447e+07  -1.2528e+08 -4.80838e+08 -8.39474e+07            0            0            0            0            0            0 -8.58129e+07  1.32832e+08   8.8906e+08   1.1251e+08 -2.40964e+08 -3.61152e+07            0            0            0            0            0            0
           0            0            0            0            0            0            0            0            0            0            0            0            0            0            0            0            0            0            0            0            0            0            0            0  -1.2528e+08 -1.92708e+08 -8.39474e+07  -1.4656e+07            0            0            0            0            0            0  1.32832e+08 -2.05615e+08   1.1251e+08  4.18392e+08 -3.61152e+07 -5.41288e+06            0            0            0            0            0            0
           0            0            0            0            0            0            0            0            0            0            0            0            0            0            0            0            0            0            0            0            0            0            0            0            0            0            0            0            0            0            0            0 -7.02359e+07  1.14146e+08 -6.74444e+07 -1.09186e+08 -2.40964e+08 -3.61152e+07  6.04663e+08  5.69595e+07 -2.26018e+08 -2.58039e+07            0            0            0            0
           0            0            0            0            0            0            0            0            0            0            0            0            0            0            0            0            0            0            0            0            0            0            0            0            0            0            0            0            0            0            0            0  1.14146e+08 -1.85506e+08 -1.09186e+08 -1.76761e+08 -3.61152e+07 -5.41288e+06  5.69595e+07  3.70626e+08 -2.58039e+07 -2.94596e+06            0            0            0            0
           0            0            0            0            0            0            0            0            0            0            0            0            0            0            0            0            0            0            0            0            0            0            0            0            0            0            0            0            0            0 -6.08069e+07  1.01963e+08 -5.91685e+07 -9.88398e+07            0            0            0            0 -2.26018e+08 -2.58039e+07  5.61829e+08  3.92834e+07 -2.15835e+08 -1.66027e+07            0            0
           0            0            0            0            0            0            0            0            0            0            0            0            0            0            0            0            0            0            0            0            0            0            0            0            0            0            0            0            0            0  1.01963e+08 -1.70975e+08 -9.88398e+07  -1.6511e+08            0            0            0            0 -2.58039e+07 -2.94596e+06  3.92834e+07  3.40308e+08 -1.66027e+07 -1.27713e+06            0            0
           0            0            0            0            0            0            0            0            0            0            0            0            0            0            0            0            0            0            0            0            0            0            0            0            0            0            0            0 -5.61372e+07  9.52619e+07 -5.44523e+07 -9.27623e+07            0            0            0            0            0            0            0            0 -2.15835e+08 -1.66027e+07  5.36391e+08   2.2152e+07 -2.09966e+08 -8.04885e+06
           0            0            0            0            0            0            0            0            0            0            0            0            0            0            0            0            0            0            0            0            0            0            0            0            0            0            0            0  9.52619e+07 -1.61654e+08 -9.27623e+07 -1.58026e+08            0            0            0            0            0            0            0            0 -1.66027e+07 -1.27713e+06   2.2152e+07  3.21266e+08 -8.04885e+06      -308545
           0            0 -5.27365e+07   9.0766e+07            0            0            0            0            0            0            0            0            0            0            0            0            0            0            0            0            0            0 -2.07968e+08            0            0            0            0            0 -5.31953e+07 -9.09178e+07            0            0            0            0            0            0            0            0            0            0            0            0 -2.09966e+08 -8.04885e+06  5.23866e+08  8.20058e+06
           0            0   9.0766e+07  -1.5622e+08            0            0            0            0            0            0            0            0            0            0            0            0            0            0            0            0            0            0            0            0            0            0            0            0 -9.09178e+07 -1.55391e+08            0            0            0            0            0            0            0            0            0            0            0            0 -8.04885e+06      -308545  8.20058e+06  3.11919e+08

Global Force Matrix
          0
          0
          0
          0
          0
          0
          0
          0
          0
          0
          0
          0
6.12323e-15
        100
          0
          0
          0
          0
6.12323e-15
        100
          0
          0
6.12323e-15
        100
          0
          0
          0
          0
          0
          0
          0
          0
          0
          0
          0
          0
6.12323e-15
        100
          0
          0
6.12323e-15
        100
          0
          0
6.12323e-15
        100

Reduced Global Stiffness Matrix
5.19955e+08 0 0 0 -2.07241e+08 0 0 0 0 0 0 0 0 0 0 0 0 0 0 0 -5.27365e+07 -9.0766e+07 0 0 0 -2.07241e+08 0 0 0 0 0 0 0 0 0 0 0 0 0 0 0 -5.27365e+07 9.0766e+07 
0 3.12439e+08 0 0 0 0 0 0 0 0 0 0 0 0 0 0 0 0 0 0 -9.0766e+07 -1.5622e+08 0 0 0 0 0 0 0 0 0 0 0 0 0 0 0 0 0 0 0 9.0766e+07 -1.5622e+08 
0 0 4.80838e+08 -8.39474e+07 0 0 0 0 0 0 -4.80838e+08 8.39474e+07 0 0 0 0 0 0 0 0 0 0 0 0 0 0 0 0 0 0 0 0 0 0 0 0 0 0 0 0 0 0 0 
0 0 -8.39474e+07 3.83515e+08 0 0 0 0 0 0 8.39474e+07 -1.4656e+07 0 0 0 0 0 0 0 0 0 0 0 0 0 0 0 0 0 0 0 0 0 0 0 0 0 0 0 0 0 0 0 
-2.07241e+08 0 0 0 5.28572e+08 -287458 0 0 -2.11999e+08 4.63159e+06 0 0 0 0 0 0 0 0 -5.61372e+07 -9.52619e+07 -5.31953e+07 9.09178e+07 0 0 0 0 0 0 0 0 0 0 0 0 0 0 0 0 0 0 0 0 0 
0 0 0 0 -287458 3.17146e+08 0 0 4.63159e+06 -101188 0 0 0 0 0 0 0 0 -9.52619e+07 -1.61654e+08 9.09178e+07 -1.5539e+08 0 0 0 0 0 0 0 0 0 0 0 0 0 0 0 0 0 0 0 0 0 
0 0 0 0 0 0 5.88945e+08 692877 -2.21986e+08 5.92699e+06 0 0 -2.37554e+08 8.68588e+06 -7.0236e+07 -1.14146e+08 -5.91684e+07 9.88398e+07 0 0 0 0 0 0 0 0 0 0 0 0 0 0 0 0 0 0 0 0 0 0 0 0 0 
0 0 0 0 0 0 692877 3.51092e+08 5.92699e+06 -158249 0 0 8.68588e+06 -317589 -1.14146e+08 -1.85506e+08 9.88398e+07 -1.6511e+08 0 0 0 0 0 0 0 0 0 0 0 0 0 0 0 0 0 0 0 0 0 0 0 0 0 
0 0 0 0 -2.11999e+08 4.63159e+06 -2.21986e+08 5.92699e+06 5.49244e+08 -1.35788e+06 0 0 0 0 0 0 -6.08069e+07 -1.01963e+08 -5.44523e+07 9.27623e+07 0 0 0 0 0 0 0 0 0 0 0 0 0 0 0 0 0 0 0 0 0 0 0 
0 0 0 0 4.63159e+06 -101188 5.92699e+06 -158249 -1.35788e+06 3.2926e+08 0 0 0 0 0 0 -1.01963e+08 -1.70975e+08 9.27623e+07 -1.58026e+08 0 0 0 0 0 0 0 0 0 0 0 0 0 0 0 0 0 0 0 0 0 0 0 
0 0 -4.80838e+08 8.39474e+07 0 0 0 0 0 0 8.8906e+08 -1.1251e+08 -8.58128e+07 -1.32832e+08 -2.40964e+08 3.61153e+07 0 0 0 0 0 0 0 0 0 0 0 0 0 0 0 0 0 0 0 0 0 0 0 0 0 0 0 
0 0 8.39474e+07 -1.4656e+07 0 0 0 0 0 0 -1.1251e+08 4.18392e+08 -1.32832e+08 -2.05615e+08 3.61153e+07 -5.41288e+06 0 0 0 0 0 0 0 0 0 0 0 0 0 0 0 0 0 0 0 0 0 0 0 0 0 0 0 
