Member (0 -> 1)
           0           -0           -0            0
          -0  6.22449e+08            0 -6.22449e+08
          -0            0            0           -0
           0 -6.22449e+08           -0  6.22449e+08

Member (2 -> 3)
 6.22449e+08           -0 -6.22449e+08            0
          -0            0            0           -0
-6.22449e+08            0  6.22449e+08           -0
           0           -0           -0            0

Member (3 -> 4)
 6.22449e+08           -0 -6.22449e+08            0
          -0            0            0           -0
-6.22449e+08            0  6.22449e+08           -0
           0           -0           -0            0

Member (4 -> 0)
 6.22449e+08           -0 -6.22449e+08            0
          -0            0            0           -0
-6.22449e+08            0  6.22449e+08           -0
           0           -0           -0            0

Member (0 -> 5)
 6.22449e+08           -0 -6.22449e+08            0
          -0            0            0           -0
-6.22449e+08            0  6.22449e+08           -0
           0           -0           -0            0

Member (5 -> 6)
 6.22449e+08           -0 -6.22449e+08            0
          -0            0            0           -0
-6.22449e+08            0  6.22449e+08           -0
           0           -0           -0            0

Member (6 -> 7)
 6.22449e+08           -0 -6.22449e+08            0
          -0            0            0           -0
-6.22449e+08            0  6.22449e+08           -0
           0           -0           -0            0

Member (2 -> 8)
 2.20069e+08 -2.20069e+08 -2.20069e+08  2.20069e+08
-2.20069e+08  2.20069e+08  2.20069e+08 -2.20069e+08
-2.20069e+08  2.20069e+08  2.20069e+08 -2.20069e+08
 2.20069e+08 -2.20069e+08 -2.20069e+08  2.20069e+08

Member (8 -> 9)
 6.22449e+08           -0 -6.22449e+08            0
          -0            0            0           -0
-6.22449e+08            0  6.22449e+08           -0
           0           -0           -0            0

Member (9 -> 1)
 6.22449e+08           -0 -6.22449e+08            0
          -0            0            0           -0
-6.22449e+08            0  6.22449e+08           -0
           0           -0           -0            0

Member (1 -> 10)
 6.22449e+08           -0 -6.22449e+08            0
          -0            0            0           -0
-6.22449e+08            0  6.22449e+08           -0
           0           -0           -0            0

Member (10 -> 11)
 6.22449e+08           -0 -6.22449e+08            0
          -0            0            0           -0
-6.22449e+08            0  6.22449e+08           -0
           0           -0           -0            0

Member (11 -> 7)
 2.20069e+08  2.20069e+08 -2.20069e+08 -2.20069e+08
 2.20069e+08  2.20069e+08 -2.20069e+08 -2.20069e+08
-2.20069e+08 -2.20069e+08  2.20069e+08  2.20069e+08
-2.20069e+08 -2.20069e+08  2.20069e+08  2.20069e+08

Member (4 -> 12)
 4.45388e+08  2.22694e+08 -4.45388e+08 -2.22694e+08
 2.22694e+08  1.11347e+08 -2.22694e+08 -1.11347e+08
-4.45388e+08 -2.22694e+08  4.45388e+08  2.22694e+08
-2.22694e+08 -1.11347e+08  2.22694e+08  1.11347e+08

Member (12 -> 9)
 4.45388e+08 -2.22694e+08 -4.45388e+08  2.22694e+08
-2.22694e+08  1.11347e+08  2.22694e+08 -1.11347e+08
-4.45388e+08  2.22694e+08  4.45388e+08 -2.22694e+08
 2.22694e+08 -1.11347e+08 -2.22694e+08  1.11347e+08

Member (0 -> 13)
 4.45388e+08  2.22694e+08 -4.45388e+08 -2.22694e+08
 2.22694e+08  1.11347e+08 -2.22694e+08 -1.11347e+08
-4.45388e+08 -2.22694e+08  4.45388e+08  2.22694e+08
-2.22694e+08 -1.11347e+08  2.22694e+08  1.11347e+08

Member (13 -> 1)
 4.45388e+08 -2.22694e+08 -4.45388e+08  2.22694e+08
-2.22694e+08  1.11347e+08  2.22694e+08 -1.11347e+08
-4.45388e+08  2.22694e+08  4.45388e+08 -2.22694e+08
 2.22694e+08 -1.11347e+08 -2.22694e+08  1.11347e+08

Member (4 -> 13)
          0          -0          -0           0
         -0  1.2449e+09           0 -1.2449e+09
         -0           0           0          -0
          0 -1.2449e+09          -0  1.2449e+09

Member (13 -> 9)
          0          -0          -0           0
         -0  1.2449e+09           0 -1.2449e+09
         -0           0           0          -0
          0 -1.2449e+09          -0  1.2449e+09

Member (3 -> 12)
          0          -0          -0           0
         -0  1.2449e+09           0 -1.2449e+09
         -0           0           0          -0
          0 -1.2449e+09          -0  1.2449e+09

Member (12 -> 8)
          0          -0          -0           0
         -0  1.2449e+09           0 -1.2449e+09
         -0           0           0          -0
          0 -1.2449e+09          -0  1.2449e+09

Member (5 -> 14)
 4.45388e+08 -2.22694e+08 -4.45388e+08  2.22694e+08
-2.22694e+08  1.11347e+08  2.22694e+08 -1.11347e+08
-4.45388e+08  2.22694e+08  4.45388e+08 -2.22694e+08
 2.22694e+08 -1.11347e+08 -2.22694e+08  1.11347e+08

Member (14 -> 10)
 4.45388e+08  2.22694e+08 -4.45388e+08 -2.22694e+08
 2.22694e+08  1.11347e+08 -2.22694e+08 -1.11347e+08
-4.45388e+08 -2.22694e+08  4.45388e+08  2.22694e+08
-2.22694e+08 -1.11347e+08  2.22694e+08  1.11347e+08

Member (0 -> 15)
 4.45388e+08 -2.22694e+08 -4.45388e+08  2.22694e+08
-2.22694e+08  1.11347e+08  2.22694e+08 -1.11347e+08
-4.45388e+08  2.22694e+08  4.45388e+08 -2.22694e+08
 2.22694e+08 -1.11347e+08 -2.22694e+08  1.11347e+08

Member (15 -> 1)
 4.45388e+08  2.22694e+08 -4.45388e+08 -2.22694e+08
 2.22694e+08  1.11347e+08 -2.22694e+08 -1.11347e+08
-4.45388e+08 -2.22694e+08  4.45388e+08  2.22694e+08
-2.22694e+08 -1.11347e+08  2.22694e+08  1.11347e+08

Member (5 -> 15)
          0          -0          -0           0
         -0  1.2449e+09           0 -1.2449e+09
         -0           0           0          -0
          0 -1.2449e+09          -0  1.2449e+09

Member (15 -> 10)
          0          -0          -0           0
         -0  1.2449e+09           0 -1.2449e+09
         -0           0           0          -0
          0 -1.2449e+09          -0  1.2449e+09

Member (6 -> 14)
          0          -0          -0           0
         -0  1.2449e+09           0 -1.2449e+09
         -0           0           0          -0
          0 -1.2449e+09          -0  1.2449e+09

Member (14 -> 11)
          0          -0          -0           0
         -0  1.2449e+09           0 -1.2449e+09
         -0           0           0          -0
          0 -1.2449e+09          -0  1.2449e+09

Global Stiffness Matrix
 2.13567e+09            0            0            0            0            0            0            0 -6.22449e+08            0 -6.22449e+08            0            0            0            0            0            0            0            0            0            0            0            0            0            0            0 -4.45388e+08 -2.22694e+08            0            0 -4.45388e+08  2.22694e+08
           0  8.45143e+08            0 -6.22449e+08            0            0            0            0            0            0            0            0            0            0            0            0            0            0            0            0            0            0            0            0            0            0 -2.22694e+08 -1.11347e+08            0            0  2.22694e+08 -1.11347e+08
           0            0  2.13567e+09            0            0            0            0            0            0            0            0            0            0            0            0            0            0            0 -6.22449e+08            0 -6.22449e+08            0            0            0            0            0 -4.45388e+08  2.22694e+08            0            0 -4.45388e+08 -2.22694e+08
           0 -6.22449e+08            0  8.45143e+08            0            0            0            0            0            0            0            0            0            0            0            0            0            0            0            0            0            0            0            0            0            0  2.22694e+08 -1.11347e+08            0            0 -2.22694e+08 -1.11347e+08
           0            0            0            0  8.42518e+08 -2.20069e+08 -6.22449e+08            0            0            0            0            0            0            0            0            0 -2.20069e+08  2.20069e+08            0            0            0            0            0            0            0            0            0            0            0            0            0            0
           0            0            0            0 -2.20069e+08  2.20069e+08            0            0            0            0            0            0            0            0            0            0  2.20069e+08 -2.20069e+08            0            0            0            0            0            0            0            0            0            0            0            0            0            0
           0            0            0            0 -6.22449e+08            0   1.2449e+09            0 -6.22449e+08            0            0            0            0            0            0            0            0            0            0            0            0            0            0            0            0            0            0            0            0            0            0            0
           0            0            0            0            0            0            0   1.2449e+09            0            0            0            0            0            0            0            0            0            0            0            0            0            0            0            0            0  -1.2449e+09            0            0            0            0            0            0
-6.22449e+08            0            0            0            0            0 -6.22449e+08            0  1.69029e+09  2.22694e+08            0            0            0            0            0            0            0            0            0            0            0            0            0            0 -4.45388e+08 -2.22694e+08            0            0            0            0            0            0
           0            0            0            0            0            0            0            0  2.22694e+08  1.35625e+09            0            0            0            0            0            0            0            0            0            0            0            0            0            0 -2.22694e+08 -1.11347e+08            0  -1.2449e+09            0            0            0            0
-6.22449e+08            0            0            0            0            0            0            0            0            0  1.69029e+09 -2.22694e+08 -6.22449e+08            0            0            0            0            0            0            0            0            0            0            0            0            0            0            0 -4.45388e+08  2.22694e+08            0            0
           0            0            0            0            0            0            0            0            0            0 -2.22694e+08  1.35625e+09            0            0            0            0            0            0            0            0            0            0            0            0            0            0            0            0  2.22694e+08 -1.11347e+08            0  -1.2449e+09
           0            0            0            0            0            0            0            0            0            0 -6.22449e+08            0   1.2449e+09            0 -6.22449e+08            0            0            0            0            0            0            0            0            0            0            0            0            0            0            0            0            0
           0            0            0            0            0            0            0            0            0            0            0            0            0   1.2449e+09            0            0            0            0            0            0            0            0            0            0            0            0            0            0            0  -1.2449e+09            0            0
           0            0            0            0            0            0            0            0            0            0            0            0 -6.22449e+08            0  8.42518e+08  2.20069e+08            0            0            0            0            0            0 -2.20069e+08 -2.20069e+08            0            0            0            0            0            0            0            0
           0            0            0            0            0            0            0            0            0            0            0            0            0            0  2.20069e+08  2.20069e+08            0            0            0            0            0            0 -2.20069e+08 -2.20069e+08            0            0            0            0            0            0            0            0
           0            0            0            0 -2.20069e+08  2.20069e+08            0            0            0            0            0            0            0            0            0            0  8.42518e+08 -2.20069e+08 -6.22449e+08            0            0            0            0            0            0            0            0            0            0            0            0            0
           0            0            0            0  2.20069e+08 -2.20069e+08            0            0            0            0            0            0            0            0            0            0 -2.20069e+08  1.46497e+09            0            0            0            0            0            0            0  -1.2449e+09            0            0            0            0            0            0
           0            0 -6.22449e+08            0            0            0            0            0            0            0            0            0            0            0            0            0 -6.22449e+08            0  1.69029e+09 -2.22694e+08            0            0            0            0 -4.45388e+08  2.22694e+08            0            0            0            0            0            0
           0            0            0            0            0            0            0            0            0            0            0            0            0            0            0            0            0            0 -2.22694e+08  1.35625e+09            0            0            0            0  2.22694e+08 -1.11347e+08            0  -1.2449e+09            0            0            0            0
           0            0 -6.22449e+08            0            0            0            0            0            0            0            0            0            0            0            0            0            0            0            0            0  1.69029e+09  2.22694e+08 -6.22449e+08            0            0            0            0            0 -4.45388e+08 -2.22694e+08            0            0
           0            0            0            0            0            0            0            0            0            0            0            0            0            0            0            0            0            0            0            0  2.22694e+08  1.35625e+09            0            0            0            0            0            0 -2.22694e+08 -1.11347e+08            0  -1.2449e+09
           0            0            0            0            0            0            0            0            0            0            0            0            0            0 -2.20069e+08 -2.20069e+08            0            0            0            0 -6.22449e+08            0  8.42518e+08  2.20069e+08            0            0            0            0            0            0            0            0
           0            0            0            0            0            0            0            0            0            0            0            0            0            0 -2.20069e+08 -2.20069e+08            0            0            0            0            0            0  2.20069e+08  1.46497e+09            0            0            0            0            0  -1.2449e+09            0            0
           0            0            0            0            0            0            0            0 -4.45388e+08 -2.22694e+08            0            0            0            0            0            0            0            0 -4.45388e+08  2.22694e+08            0            0            0            0  8.90776e+08            0            0            0            0            0            0            0
           0            0            0            0            0            0            0  -1.2449e+09 -2.22694e+08 -1.11347e+08            0            0            0            0            0            0            0  -1.2449e+09  2.22694e+08 -1.11347e+08            0            0            0            0            0  2.71249e+09            0            0            0            0            0            0
-4.45388e+08 -2.22694e+08 -4.45388e+08  2.22694e+08            0            0            0            0            0            0            0            0            0            0            0            0            0            0            0            0            0            0            0            0            0            0  8.90776e+08            0            0            0            0            0
-2.22694e+08 -1.11347e+08  2.22694e+08 -1.11347e+08            0            0            0            0            0  -1.2449e+09            0            0            0            0            0            0            0            0            0  -1.2449e+09            0            0            0            0            0            0            0  2.71249e+09            0            0            0            0
           0            0            0            0            0            0            0            0            0            0 -4.45388e+08  2.22694e+08            0            0            0            0            0            0            0            0 -4.45388e+08 -2.22694e+08            0            0            0            0            0            0  8.90776e+08            0            0            0
           0            0            0            0            0            0            0            0            0            0  2.22694e+08 -1.11347e+08            0  -1.2449e+09            0            0            0            0            0            0 -2.22694e+08 -1.11347e+08            0  -1.2449e+09            0            0            0            0            0  2.71249e+09            0            0
-4.45388e+08  2.22694e+08 -4.45388e+08 -2.22694e+08            0            0            0            0            0            0            0            0            0            0            0            0            0            0            0            0            0            0            0            0            0            0            0            0            0            0  8.90776e+08            0
 2.22694e+08 -1.11347e+08 -2.22694e+08 -1.11347e+08            0            0            0            0            0            0            0  -1.2449e+09            0            0            0            0            0            0            0            0            0  -1.2449e+09            0            0            0            0            0            0            0            0            0  2.71249e+09

Global Force Matrix
6.12323e-13
      10000
          0
          0
          0
          0
6.12323e-13
      10000
6.12323e-13
      10000
6.12323e-13
      10000
6.12323e-13
      10000
          0
          0
          0
          0
          0
          0
          0
          0
          0
          0
          0
          0
          0
          0
          0
          0
          0
          0

Reduced Global Stiffness Matrix
2.13567e+09 0 0 0 0 0 -6.22449e+08 0 -6.22449e+08 0 0 0 0 0 0 0 0 0 0 0 0 0 -4.45388e+08 -2.22694e+08 0 0 -4.45388e+08 2.22694e+08 
0 8.45143e+08 0 -6.22449e+08 0 0 0 0 0 0 0 0 0 0 0 0 0 0 0 0 0 0 -2.22694e+08 -1.11347e+08 0 0 2.22694e+08 -1.11347e+08 
0 0 2.13567e+09 0 0 0 0 0 0 0 0 0 0 0 -6.22449e+08 0 -6.22449e+08 0 0 0 0 0 -4.45388e+08 2.22694e+08 0 0 -4.45388e+08 -2.22694e+08 
0 -6.22449e+08 0 8.45143e+08 0 0 0 0 0 0 0 0 0 0 0 0 0 0 0 0 0 0 2.22694e+08 -1.11347e+08 0 0 -2.22694e+08 -1.11347e+08 
0 0 0 0 1.2449e+09 0 -6.22449e+08 0 0 0 0 0 0 0 0 0 0 0 0 0 0 0 0 0 0 0 0 0 
0 0 0 0 0 1.2449e+09 0 0 0 0 0 0 0 0 0 0 0 0 0 0 0 -1.2449e+09 0 0 0 0 0 0 
-6.22449e+08 0 0 0 -6.22449e+08 0 1.69029e+09 2.22694e+08 0 0 0 0 0 0 0 0 0 0 0 0 -4.45388e+08 -2.22694e+08 0 0 0 0 0 0 
0 0 0 0 0 0 2.22694e+08 1.35625e+09 0 0 0 0 0 0 0 0 0 0 0 0 -2.22694e+08 -1.11347e+08 0 -1.2449e+09 0 0 0 0 
-6.22449e+08 0 0 0 0 0 0 0 1.69029e+09 -2.22694e+08 -6.22449e+08 0 0 0 0 0 0 0 0 0 0 0 0 0 -4.45388e+08 2.22694e+08 0 0 
0 0 0 0 0 0 0 0 -2.22694e+08 1.35625e+09 0 0 0 0 0 0 0 0 0 0 0 0 0 0 2.22694e+08 -1.11347e+08 0 -1.2449e+09 
0 0 0 0 0 0 0 0 -6.22449e+08 0 1.2449e+09 0 0 0 0 0 0 0 0 0 0 0 0 0 0 0 0 0 
0 0 0 0 0 0 0 0 0 0 0 1.2449e+09 0 0 0 0 0 0 0 0 0 0 0 0 0 -1.2449e+09 0 0 
0 0 0 0 0 0 0 0 0 0 0 0 8.42518e+08 -2.20069e+08 -6.22449e+08 0 0 0 0 0 0 0 0 0 0 0 0 0 
0 0 0 0 0 0 0 0 0 0 0 0 -2.20069e+08 1.46497e+09 0 0 0 0 0 0 0 -1.2449e+09 0 0 0 0 0 0 
0 0 -6.22449e+08 0 0 0 0 0 0 0 0 0 -6.22449e+08 0 1.69029e+09 -2.22694e+08 0 0 0 0 -4.45388e+08 2.22694e+08 0 0 0 0 0 0 
0 0 0 0 0 0 0 0 0 0 0 0 0 0 -2.22694e+08 1.35625e+09 0 0 0 0 2.22694e+08 -1.11347e+08 0 -1.2449e+09 0 0 0 0 
0 0 -6.22449e+08 0 0 0 0 0 0 0 0 0 0 0 0 0 1.69029e+09 2.22694e+08 -6.22449e+08 0 0 0 0 0 -4.45388e+08 -2.22694e+08 0 0 
0 0 0 0 0 0 0 0 0 0 0 0 0 0 0 0 2.22694e+08 1.35625e+09 0 0 0 0 0 0 -2.22694e+08 -1.11347e+08 0 -1.2449e+09 
0 0 0 0 0 0 0 0 0 0 0 0 0 0 0 0 -6.22449e+08 0 8.42518e+08 2.20069e+08 0 0 0 0 0 0 0 0 
0 0 0 0 0 0 0 0 0 0 0 0 0 0 0 0 0 0 2.20069e+08 1.46497e+09 0 0 0 0 0 -1.2449e+09 0 0 
0 0 0 0 0 0 -4.45388e+08 -2.22694e+08 0 0 0 0 0 0 -4.45388e+08 2.22694e+08 0 0 0 0 8.90776e+08 0 0 0 0 0 0 0 
0 0 0 0 0 -1.2449e+09 -2.22694e+08 -1.11347e+08 0 0 0 0 0 -1.2449e+09 2.22694e+08 -1.11347e+08 0 0 0 0 0 2.71249e+09 0 0 0 0 0 0 
-4.45388e+08 -2.22694e+08 -4.45388e+08 2.22694e+08 0 0 0 0 0 0 0 0 0 0 0 0 0 0 0 0 0 0 8.90776e+08 0 0 0 0 0 
-2.22694e+08 -1.11347e+08 2.22694e+08 -1.11347e+08 0 0 0 -1.2449e+09 0 0 0 0 0 0 0 -1.2449e+09 0 0 0 0 0 0 0 2.71249e+09 0 0 0 0 
0 0 0 0 0 0 0 0 -4.45388e+08 2.22694e+08 0 0 0 0 0 0 -4.45388e+08 -2.22694e+08 0 0 0 0 0 0 8.90776e+08 0 0 0 
0 0 0 0 0 0 0 0 2.22694e+08 -1.11347e+08 0 -1.2449e+09 0 0 0 0 -2.22694e+08 -1.11347e+08 0 -1.2449e+09 0 0 0 0 0 2.71249e+09 0 0 
-4.45388e+08 2.22694e+08 -4.45388e+08 -2.22694e+08 0 0 0 0 0 0 0 0 0 0 0 0 0 0 0 0 0 0 0 0 0 0 8.90776e+08 0 
2.22694e+08 -1.11347e+08 -2.22694e+08 -1.11347e+08 0 0 0 0 0 -1.2449e+09 0 0 0 0 0 0 0 -1.2449e+09 0 0 0 0 0 0 0 0 0 2.71249e+09 


Reduced Global Force Matrix
6.12323e-13
10000
0
0
6.12323e-13
10000
6.12323e-13
10000
6.12323e-13
10000
6.12323e-13
10000
0
0
0
0
0
0
0
0
0
0
0
0
0
0
0
0


Reduced Global Displacement Matrix
-1.33409e-19
0.000414271
-2.12733e-20
0.000406238
-8.03279e-06
0.000246142
-1.60656e-05
0.00038981
1.60656e-05
0.00038981
8.03279e-06
0.000246142
0.000104426
0.000218027
6.42623e-05
0.000381777
-6.42623e-05
0.000381777
-0.000104426
0.000218027
2.61066e-05
0.000238109
2.0082e-06
0.000387802
-2.61066e-05
0.000238109
-2.0082e-06
0.000387802


Global Displacement Matrix
-1.33409e-19
 0.000414271
-2.12733e-20
 0.000406238
           0
           0
-8.03279e-06
 0.000246142
-1.60656e-05
  0.00038981
 1.60656e-05
  0.00038981
 8.03279e-06
 0.000246142
           0
           0
 0.000104426
 0.000218027
 6.42623e-05
 0.000381777
-6.42623e-05
 0.000381777
-0.000104426
 0.000218027
 2.61066e-05
 0.000238109
  2.0082e-06
 0.000387802
-2.61066e-05
 0.000238109
 -2.0082e-06
 0.000387802

Global Resultant Matrix
-2.97162e-11
-5.82077e-11
 5.82077e-11
 4.36557e-11
       30000
      -25000
-6.12323e-13
-5.82077e-11
-1.51642e-11
-1.16415e-10
-1.51642e-11
 5.82077e-11
 4.84464e-12
 1.16415e-10
      -30000
      -25000
 7.27596e-12
-5.82077e-11
-1.45519e-11
 5.82077e-11
-1.45519e-11
 5.82077e-11
-7.27596e-12
 5.82077e-11
 7.27596e-12
 1.16415e-10
 2.02363e-11
 2.32831e-10
 7.27596e-12
-2.32831e-10
-1.47793e-11
           0

Global Displacement Matrix - Settlement Transformed
-1.33409e-19
 0.000414271
-2.12733e-20
 0.000406238
           0
           0
-8.03279e-06
 0.000246142
-1.60656e-05
  0.00038981
 1.60656e-05
  0.00038981
 8.03279e-06
 0.000246142
           0
           0
 0.000104426
 0.000218027
 6.42623e-05
 0.000381777
-6.42623e-05
 0.000381777
-0.000104426
 0.000218027
 2.61066e-05
 0.000238109
  2.0082e-06
 0.000387802
-2.61066e-05
 0.000238109
 -2.0082e-06
 0.000387802

Global Resultant Matrix - Settlement Transformed
-2.97162e-11
-5.82077e-11
 5.82077e-11
 4.36557e-11
       30000
      -25000
-6.12323e-13
-5.82077e-11
-1.51642e-11
-1.16415e-10
-1.51642e-11
 5.82077e-11
 4.84464e-12
 1.16415e-10
      -30000
      -25000
 7.27596e-12
-5.82077e-11
-1.45519e-11
 5.82077e-11
-1.45519e-11
 5.82077e-11
-7.27596e-12
 5.82077e-11
 7.27596e-12
 1.16415e-10
 2.02363e-11
 2.32831e-10
 7.27596e-12
-2.32831e-10
-1.47793e-11
           0

