Member (0 -> 1)
 103742 -179686 -103742  179686
-179686  311225  179686 -311225
-103742  179686  103742 -179686
 179686 -311225 -179686  311225

Member (0 -> 2)
 39311.5   146713 -39311.5  -146713
  146713   547539  -146713  -547539
-39311.5  -146713  39311.5   146713
 -146713  -547539   146713   547539

Member (1 -> 2)
  547539  -146713  -547539   146713
 -146713  39311.5   146713 -39311.5
 -547539   146713   547539  -146713
  146713 -39311.5  -146713  39311.5

Global Stiffness Matrix
      708391      -293425      -414966  -0.00273036      -293425      -293425
     -293425       293425  -0.00273036 -2.82608e-11       293425       293425
     -414966  -0.00273036       708391       293425       293425      -293425
 -0.00273036 -2.82608e-11       293425       293425       293425      -293425
     -293425       293425       293425       293425       586851            0
     -293425       293425      -293425      -293425            0       586851

Global Force Matrix
      0
      0
      0
      0
-150000
-259808

Reduced Global Stiffness Matrix
708391 293425 
293425 586851 


Reduced Global Force Matrix
0
-150000


Reduced Global Displacement Matrix
0.133528
-0.322366


Global Displacement Matrix
        0
        0
 0.133528
        0
-0.322366
        0

Global Resultant Matrix
    39180.6
   -94590.3
1.45519e-11
   -55409.7
2.91038e-11
     220627

Global Displacement Matrix - Settlement Transformed
        0
        0
0.0667642
-0.115639
 0.279177
 0.161183

Global Resultant Matrix - Settlement Transformed
-62327.3
-81226.5
-47986.2
-27704.9
  110314
 -191069

