Member (0 -> 1)
 4.14966e+08           -0 -4.14966e+08            0
          -0            0            0           -0
-4.14966e+08            0  4.14966e+08           -0
           0           -0           -0            0

Member (2 -> 3)
 4.14966e+08            0 -4.14966e+08           -0
           0            0           -0           -0
-4.14966e+08           -0  4.14966e+08            0
          -0           -0            0            0

Member (3 -> 1)
 2.39035e+08 -1.59357e+08 -2.39035e+08  1.59357e+08
-1.59357e+08  1.06238e+08  1.59357e+08 -1.06238e+08
-2.39035e+08  1.59357e+08  2.39035e+08 -1.59357e+08
 1.59357e+08 -1.06238e+08 -1.59357e+08  1.06238e+08

Member (0 -> 2)
 2.39035e+08  1.59357e+08 -2.39035e+08 -1.59357e+08
 1.59357e+08  1.06238e+08 -1.59357e+08 -1.06238e+08
-2.39035e+08 -1.59357e+08  2.39035e+08  1.59357e+08
-1.59357e+08 -1.06238e+08  1.59357e+08  1.06238e+08

Member (2 -> 1)
           0           -0           -0            0
          -0  6.22449e+08            0 -6.22449e+08
          -0            0            0           -0
           0 -6.22449e+08           -0  6.22449e+08

Member (1 -> 4)
 1.16709e+08 -6.73821e+07 -1.16709e+08  6.73821e+07
-6.73821e+07  3.89031e+07  6.73821e+07 -3.89031e+07
-1.16709e+08  6.73821e+07  1.16709e+08 -6.73821e+07
 6.73821e+07 -3.89031e+07 -6.73821e+07  3.89031e+07

Member (4 -> 2)
 7.76169e+07 -6.72182e+07 -7.76169e+07  6.72182e+07
-6.72182e+07  5.82126e+07  6.72182e+07 -5.82126e+07
-7.76169e+07  6.72182e+07  7.76169e+07 -6.72182e+07
 6.72182e+07 -5.82126e+07 -6.72182e+07  5.82126e+07

Member (3 -> 0)
           0           -0           -0            0
          -0  6.22449e+08            0 -6.22449e+08
          -0            0            0           -0
           0 -6.22449e+08           -0  6.22449e+08

Member (0 -> 5)
 1.16709e+08  6.73821e+07 -1.16709e+08 -6.73821e+07
 6.73821e+07  3.89031e+07 -6.73821e+07 -3.89031e+07
-1.16709e+08 -6.73821e+07  1.16709e+08  6.73821e+07
-6.73821e+07 -3.89031e+07  6.73821e+07  3.89031e+07

Member (5 -> 3)
 7.76169e+07  6.72182e+07 -7.76169e+07 -6.72182e+07
 6.72182e+07  5.82126e+07 -6.72182e+07 -5.82126e+07
-7.76169e+07 -6.72182e+07  7.76169e+07  6.72182e+07
-6.72182e+07 -5.82126e+07  6.72182e+07  5.82126e+07

Global Stiffness Matrix
  7.7071e+08  2.26739e+08 -4.14966e+08            0 -2.39035e+08 -1.59357e+08            0            0            0            0 -1.16709e+08 -6.73821e+07
 2.26739e+08   7.6759e+08            0            0 -1.59357e+08 -1.06238e+08            0 -6.22449e+08            0            0 -6.73821e+07 -3.89031e+07
-4.14966e+08            0   7.7071e+08 -2.26739e+08            0            0 -2.39035e+08  1.59357e+08 -1.16709e+08  6.73821e+07            0            0
           0            0 -2.26739e+08   7.6759e+08            0 -6.22449e+08  1.59357e+08 -1.06238e+08  6.73821e+07 -3.89031e+07            0            0
-2.39035e+08 -1.59357e+08            0            0  7.31618e+08  9.21384e+07 -4.14966e+08            0 -7.76169e+07  6.72182e+07            0            0
-1.59357e+08 -1.06238e+08            0 -6.22449e+08  9.21384e+07  7.86899e+08            0            0  6.72182e+07 -5.82126e+07            0            0
           0            0 -2.39035e+08  1.59357e+08 -4.14966e+08            0  7.31618e+08 -9.21384e+07            0            0 -7.76169e+07 -6.72182e+07
           0 -6.22449e+08  1.59357e+08 -1.06238e+08            0            0 -9.21384e+07  7.86899e+08            0            0 -6.72182e+07 -5.82126e+07
           0            0 -1.16709e+08  6.73821e+07 -7.76169e+07  6.72182e+07            0            0  1.94326e+08   -1.346e+08            0            0
           0            0  6.73821e+07 -3.89031e+07  6.72182e+07 -5.82126e+07            0            0   -1.346e+08  9.71157e+07            0            0
-1.16709e+08 -6.73821e+07            0            0            0            0 -7.76169e+07 -6.72182e+07            0            0  1.94326e+08    1.346e+08
-6.73821e+07 -3.89031e+07            0            0            0            0 -6.72182e+07 -5.82126e+07            0            0    1.346e+08  9.71157e+07

Global Force Matrix
          0
          0
          0
          0
1.22465e-12
      20000
1.22465e-12
      20000
          0
          0
          0
          0

Reduced Global Stiffness Matrix
7.7071e+08 2.26739e+08 -4.14966e+08 0 -2.39035e+08 -1.59357e+08 0 0 
2.26739e+08 7.6759e+08 0 0 -1.59357e+08 -1.06238e+08 0 -6.22449e+08 
-4.14966e+08 0 7.7071e+08 -2.26739e+08 0 0 -2.39035e+08 1.59357e+08 
0 0 -2.26739e+08 7.6759e+08 0 -6.22449e+08 1.59357e+08 -1.06238e+08 
-2.39035e+08 -1.59357e+08 0 0 7.31618e+08 9.21384e+07 -4.14966e+08 0 
-1.59357e+08 -1.06238e+08 0 -6.22449e+08 9.21384e+07 7.86899e+08 0 0 
0 0 -2.39035e+08 1.59357e+08 -4.14966e+08 0 7.31618e+08 -9.21384e+07 
0 -6.22449e+08 1.59357e+08 -1.06238e+08 0 0 -9.21384e+07 7.86899e+08 


Reduced Global Force Matrix
0
0
0
0
1.22465e-12
20000
1.22465e-12
20000


Reduced Global Displacement Matrix
-9.3454e-06
0.000215648
9.34541e-06
0.000215648
1.01814e-05
0.000222026
-1.01814e-05
0.000222026


Global Displacement Matrix
 -9.3454e-06
 0.000215648
 9.34541e-06
 0.000215648
 1.01814e-05
 0.000222026
-1.01814e-05
 0.000222026
           0
           0
           0
           0

Global Resultant Matrix
-1.45519e-11
-2.91038e-11
           0
-4.72937e-11
 1.05988e-11
 2.91038e-11
 2.41333e-12
 5.82077e-11
       27574
      -20000
      -27574
      -20000

Global Displacement Matrix - Settlement Transformed
 -9.3454e-06
 0.000215648
 9.34541e-06
 0.000215648
 1.01814e-05
 0.000222026
-1.01814e-05
 0.000222026
           0
           0
           0
           0

Global Resultant Matrix - Settlement Transformed
-1.45519e-11
-2.91038e-11
           0
-4.72937e-11
 1.05988e-11
 2.91038e-11
 2.41333e-12
 5.82077e-11
       27574
      -20000
      -27574
      -20000

