Member (0 -> 1)
 1.2449e+06          -0 -1.2449e+06           0
         -0           0           0          -0
-1.2449e+06           0  1.2449e+06          -0
          0          -0          -0           0

Member (1 -> 2)
 3.11224e+11 -5.39056e+11 -3.11224e+11  5.39056e+11
-5.39056e+11  9.33674e+11  5.39056e+11 -9.33674e+11
-3.11224e+11  5.39056e+11  3.11224e+11 -5.39056e+11
 5.39056e+11 -9.33674e+11 -5.39056e+11  9.33674e+11

Member (2 -> 0)
 3.11224e+11  5.39056e+11 -3.11224e+11 -5.39056e+11
 5.39056e+11  9.33674e+11 -5.39056e+11 -9.33674e+11
-3.11224e+11 -5.39056e+11  3.11224e+11  5.39056e+11
-5.39056e+11 -9.33674e+11  5.39056e+11  9.33674e+11

Global Stiffness Matrix
 3.11225e+11  5.39056e+11  -1.2449e+06            0  5.39056e+11 -3.11224e+11
 5.39056e+11  9.33674e+11            0            0  9.33674e+11 -5.39056e+11
 -1.2449e+06            0  3.11225e+11 -5.39056e+11 -5.39056e+11 -3.11224e+11
           0            0 -5.39056e+11  9.33674e+11  9.33674e+11  5.39056e+11
 5.39056e+11  9.33674e+11 -5.39056e+11  9.33674e+11  1.86735e+12  -0.00012207
-3.11224e+11 -5.39056e+11 -3.11224e+11  5.39056e+11  -0.00012207  6.22448e+11

Global Support Inclination Matrix
          1          -0           0           0           0           0
          0           1           0           0           0           0
          0           0           1          -0           0           0
          0           0           0           1           0           0
          0           0           0           0 6.12323e-17           1
          0           0           0           0          -1 6.12323e-17

Global Force Matrix
       0.000000
       0.000000
       0.000000
       0.000000
-1000000.000000
       0.000000

Reduced Global Stiffness Matrix
Nonzero entries:
(311225422977.838379,0) (-1244898.000000,1) (539056460699.399963,2) (-1244898.000000,0) (311225422977.838379,1) (-539056460699.399963,2) (539056460699.399963,0) (-539056460699.399963,1) (1867347643840.323730,2) (_,_) 

Outer pointers:
0 3 6  $
Inner non zeros:
3 3 3  $

311225422977.838379 -1244898.000000 539056460699.399963 
-1244898.000000 311225422977.838379 -539056460699.399963 
539056460699.399963 -539056460699.399963 1867347643840.323730 


Reduced Global Force Matrix
Nonzero entries:
(0.000000,0) (0.000000,1) (-1000000.000000,2) (_,_) (_,_) (_,_) 

Outer pointers:
0  $
Inner non zeros:
3  $

0.000000
0.000000
-1000000.000000


Reduced Global Displacement Matrix
Nonzero entries:
(0.115943,0) (-0.115943,1) (-0.066940,2) 

Outer pointers:
0  $

0.115943
-0.115943
-0.066940


Global Displacement Matrix
 0.115943
 0.000000
-0.115943
 0.000000
-0.066940
 0.000000

Global Resultant Matrix
      0.000000
-499999.999992
      0.000000
-499999.999992
      0.000015
     -0.000007

Global Displacement Matrix - Settlement Transformed
 0.115943
 0.000000
-0.115943
 0.000000
-0.000000
 0.066940

Global Resultant Matrix - Settlement Transformed
      0.000000
-499999.999992
      0.000000
-499999.999992
     -0.000007
     -0.000015

