Member (0 -> 1)
 248980      -0 -248980       0
     -0       0       0      -0
-248980       0  248980      -0
      0      -0      -0       0

Member (0 -> 2)
 198505 -149584 -198505  149584
-149584  112720  149584 -112720
-198505  149584  198505 -149584
 149584 -112720 -149584  112720

Member (2 -> 1)
 148938  198583 -148938 -198583
 198583  264775 -198583 -264775
-148938 -198583  148938  198583
-198583 -264775  198583  264775

Global Stiffness Matrix
 447484 -149584 -248980       0 -198505  149584
-149584  112720       0       0  149584 -112720
-248980       0  397918  198583 -148938 -198583
      0       0  198583  264775 -198583 -264775
-198505  149584 -148938 -198583  347443 48998.8
 149584 -112720 -198583 -264775 48998.8  377495

Global Support Inclination Matrix
 1 -0  0  0  0  0
 0  1  0  0  0  0
 0  0  1 -0  0  0
 0  0  0  1  0  0
 0  0  0  0  1  0
 0  0  0  0  0  1

Global Force Matrix
  0.000000
  0.000000
  0.000000
  0.000000
  0.000000
100.000000

Reduced Global Stiffness Matrix
Nonzero entries:
(397917.810943,0) (-148938.210943,1) (-198582.851319,2) (-148938.210943,0) (347443.017230,1) (48998.753476,2) (-198582.851319,0) (48998.753476,1) (377494.929097,2) (_,_) 

Outer pointers:
0 3 6  $
Inner non zeros:
3 3 3  $

397917.810943 -148938.210943 -198582.851319 
-148938.210943 347443.017230 48998.753476 
-198582.851319 48998.753476 377494.929097 


Reduced Global Force Matrix
Nonzero entries:
(0.000000,0) (0.000000,1) (100.000000,2) (_,_) (_,_) (_,_) 

Outer pointers:
0  $
Inner non zeros:
3  $

0.000000
0.000000
100.000000


Reduced Global Displacement Matrix
Nonzero entries:
(0.000192,0) (0.000031,1) (0.000362,2) 

Outer pointers:
0  $

0.000192
0.000031
0.000362


Global Displacement Matrix
0.000000
0.000000
0.000192
0.000000
0.000031
0.000362

Global Resultant Matrix
 -0.000000
-36.109160
  0.000000
-63.890840
 -0.000000
 -0.000000

Global Displacement Matrix - Settlement Transformed
0.000000
0.000000
0.000192
0.000000
0.000031
0.000362

Global Resultant Matrix - Settlement Transformed
 -0.000000
-36.109160
  0.000000
-63.890840
 -0.000000
 -0.000000

