Member (0 -> 1)
 1.2449e+06          -0 -1.2449e+06           0
         -0           0           0          -0
-1.2449e+06           0  1.2449e+06          -0
          0          -0          -0           0

Member (1 -> 2)
    -0.25  0.433013      0.25 -0.433013
 0.433013     -0.75 -0.433013      0.75
     0.25 -0.433013     -0.25  0.433013
-0.433013      0.75  0.433013     -0.75

Member (2 -> 0)
    -0.25 -0.433013      0.25  0.433013
-0.433013     -0.75  0.433013      0.75
     0.25  0.433013     -0.25 -0.433013
 0.433013      0.75 -0.433013     -0.75

Global Stiffness Matrix
 1.2449e+06   -0.433013 -1.2449e+06           0        0.25    0.433013
  -0.433013       -0.75           0           0    0.433013        0.75
-1.2449e+06           0  1.2449e+06    0.433013        0.25   -0.433013
          0           0    0.433013       -0.75   -0.433013        0.75
       0.25    0.433013        0.25   -0.433013   -0.499999           0
   0.433013        0.75   -0.433013        0.75           0        -1.5

Global Force Matrix
      0.000000
      0.000000
      0.000000
      0.000000
      0.000000
1000000.000000

Global Penalty Stiffness Matrix
 311224178079.838379  539056460699.399963             0.000000             0.000000 -311224178079.838379 -539056460699.399963
 539056460699.399963 2178571821920.161865             0.000000             0.000000 -539056460699.399963 -933673821920.161865
            0.000000             0.000000  311224178079.838379 -539056460699.399963 -311224178079.838379  539056460699.399963
            0.000000             0.000000 -539056460699.399963 2178571821920.161865  539056460699.399963 -933673821920.161865
-311224178079.838379 -539056460699.399963 -311224178079.838379  539056460699.399963 1867346356159.676758             0.000069
-539056460699.399963 -933673821920.161865  539056460699.399963 -933673821920.161865             0.000069 1867347643840.323730

Global Displacement Matrix
 0.115943
 0.000000
-0.115943
 0.000000
-0.000000
 0.066941

Global Resultant Matrix
  288674.935530
       0.000000
 -288674.935530
       0.000000
      -0.000000
-1000000.000001

