Member (0 -> 1)
 6.22449e+08           -0 -6.22449e+08            0
          -0            0            0           -0
-6.22449e+08            0  6.22449e+08           -0
           0           -0           -0            0

Member (1 -> 2)
 6.22449e+08           -0 -6.22449e+08            0
          -0            0            0           -0
-6.22449e+08            0  6.22449e+08           -0
           0           -0           -0            0

Member (2 -> 3)
 6.22449e+08           -0 -6.22449e+08            0
          -0            0            0           -0
-6.22449e+08            0  6.22449e+08           -0
           0           -0           -0            0

Member (3 -> 4)
           0           -0           -0            0
          -0  4.14966e+08            0 -4.14966e+08
          -0            0            0           -0
           0 -4.14966e+08           -0  4.14966e+08

Member (0 -> 5)
 4.45388e+08 -2.22694e+08 -4.45388e+08  2.22694e+08
-2.22694e+08  1.11347e+08  2.22694e+08 -1.11347e+08
-4.45388e+08  2.22694e+08  4.45388e+08 -2.22694e+08
 2.22694e+08 -1.11347e+08 -2.22694e+08  1.11347e+08

Member (5 -> 6)
 4.45388e+08 -2.22694e+08 -4.45388e+08  2.22694e+08
-2.22694e+08  1.11347e+08  2.22694e+08 -1.11347e+08
-4.45388e+08  2.22694e+08  4.45388e+08 -2.22694e+08
 2.22694e+08 -1.11347e+08 -2.22694e+08  1.11347e+08

Member (6 -> 4)
 4.45388e+08 -2.22694e+08 -4.45388e+08  2.22694e+08
-2.22694e+08  1.11347e+08  2.22694e+08 -1.11347e+08
-4.45388e+08  2.22694e+08  4.45388e+08 -2.22694e+08
 2.22694e+08 -1.11347e+08 -2.22694e+08  1.11347e+08

Member (1 -> 5)
          0          -0          -0           0
         -0  1.2449e+09           0 -1.2449e+09
         -0           0           0          -0
          0 -1.2449e+09          -0  1.2449e+09

Member (5 -> 2)
 4.45388e+08  2.22694e+08 -4.45388e+08 -2.22694e+08
 2.22694e+08  1.11347e+08 -2.22694e+08 -1.11347e+08
-4.45388e+08 -2.22694e+08  4.45388e+08  2.22694e+08
-2.22694e+08 -1.11347e+08  2.22694e+08  1.11347e+08

Member (2 -> 6)
           0           -0           -0            0
          -0  6.22449e+08            0 -6.22449e+08
          -0            0            0           -0
           0 -6.22449e+08           -0  6.22449e+08

Member (6 -> 3)
 2.20069e+08  2.20069e+08 -2.20069e+08 -2.20069e+08
 2.20069e+08  2.20069e+08 -2.20069e+08 -2.20069e+08
-2.20069e+08 -2.20069e+08  2.20069e+08  2.20069e+08
-2.20069e+08 -2.20069e+08  2.20069e+08  2.20069e+08

Member (7 -> 8)
 6.22449e+08            0 -6.22449e+08           -0
           0            0           -0           -0
-6.22449e+08           -0  6.22449e+08            0
          -0           -0            0            0

Member (8 -> 9)
 6.22449e+08            0 -6.22449e+08           -0
           0            0           -0           -0
-6.22449e+08           -0  6.22449e+08            0
          -0           -0            0            0

Member (9 -> 3)
 6.22449e+08            0 -6.22449e+08           -0
           0            0           -0           -0
-6.22449e+08           -0  6.22449e+08            0
          -0           -0            0            0

Member (7 -> 10)
 4.45388e+08  2.22694e+08 -4.45388e+08 -2.22694e+08
 2.22694e+08  1.11347e+08 -2.22694e+08 -1.11347e+08
-4.45388e+08 -2.22694e+08  4.45388e+08  2.22694e+08
-2.22694e+08 -1.11347e+08  2.22694e+08  1.11347e+08

Member (10 -> 11)
 4.45388e+08  2.22694e+08 -4.45388e+08 -2.22694e+08
 2.22694e+08  1.11347e+08 -2.22694e+08 -1.11347e+08
-4.45388e+08 -2.22694e+08  4.45388e+08  2.22694e+08
-2.22694e+08 -1.11347e+08  2.22694e+08  1.11347e+08

Member (11 -> 4)
 4.45388e+08  2.22694e+08 -4.45388e+08 -2.22694e+08
 2.22694e+08  1.11347e+08 -2.22694e+08 -1.11347e+08
-4.45388e+08 -2.22694e+08  4.45388e+08  2.22694e+08
-2.22694e+08 -1.11347e+08  2.22694e+08  1.11347e+08

Member (8 -> 10)
          0          -0          -0           0
         -0  1.2449e+09           0 -1.2449e+09
         -0           0           0          -0
          0 -1.2449e+09          -0  1.2449e+09

Member (10 -> 9)
 4.45388e+08 -2.22694e+08 -4.45388e+08  2.22694e+08
-2.22694e+08  1.11347e+08  2.22694e+08 -1.11347e+08
-4.45388e+08  2.22694e+08  4.45388e+08 -2.22694e+08
 2.22694e+08 -1.11347e+08 -2.22694e+08  1.11347e+08

Member (9 -> 11)
           0           -0           -0            0
          -0  6.22449e+08            0 -6.22449e+08
          -0            0            0           -0
           0 -6.22449e+08           -0  6.22449e+08

Member (11 -> 3)
 2.20069e+08 -2.20069e+08 -2.20069e+08  2.20069e+08
-2.20069e+08  2.20069e+08  2.20069e+08 -2.20069e+08
-2.20069e+08  2.20069e+08  2.20069e+08 -2.20069e+08
 2.20069e+08 -2.20069e+08 -2.20069e+08  2.20069e+08

Global Stiffness Matrix
 1.06784e+09 -2.22694e+08 -6.22449e+08            0            0            0            0            0            0            0 -4.45388e+08  2.22694e+08            0            0            0            0            0            0            0            0            0            0            0            0
-2.22694e+08  1.11347e+08            0            0            0            0            0            0            0            0  2.22694e+08 -1.11347e+08            0            0            0            0            0            0            0            0            0            0            0            0
-6.22449e+08            0   1.2449e+09            0 -6.22449e+08            0            0            0            0            0            0            0            0            0            0            0            0            0            0            0            0            0            0            0
           0            0            0   1.2449e+09            0            0            0            0            0            0            0  -1.2449e+09            0            0            0            0            0            0            0            0            0            0            0            0
           0            0 -6.22449e+08            0  1.69029e+09  2.22694e+08 -6.22449e+08            0            0            0 -4.45388e+08 -2.22694e+08            0            0            0            0            0            0            0            0            0            0            0            0
           0            0            0            0  2.22694e+08  7.33796e+08            0            0            0            0 -2.22694e+08 -1.11347e+08            0 -6.22449e+08            0            0            0            0            0            0            0            0            0            0
           0            0            0            0 -6.22449e+08            0  1.68504e+09     -32.7928            0            0            0            0 -2.20069e+08 -2.20069e+08            0            0            0            0 -6.22449e+08            0            0            0 -2.20069e+08  2.20069e+08
           0            0            0            0            0            0     -32.7928  8.55104e+08            0 -4.14966e+08            0            0 -2.20069e+08 -2.20069e+08            0            0            0            0            0            0            0            0  2.20069e+08 -2.20069e+08
           0            0            0            0            0            0            0            0  8.90777e+08      92.9152            0            0 -4.45388e+08  2.22694e+08            0            0            0            0            0            0            0            0 -4.45388e+08 -2.22694e+08
           0            0            0            0            0            0            0 -4.14966e+08      92.9152   6.3766e+08            0            0  2.22694e+08 -1.11347e+08            0            0            0            0            0            0            0            0 -2.22694e+08 -1.11347e+08
-4.45388e+08  2.22694e+08            0            0 -4.45388e+08 -2.22694e+08            0            0            0            0  1.33616e+09 -2.22694e+08 -4.45388e+08  2.22694e+08            0            0            0            0            0            0            0            0            0            0
 2.22694e+08 -1.11347e+08            0  -1.2449e+09 -2.22694e+08 -1.11347e+08            0            0            0            0 -2.22694e+08  1.57894e+09  2.22694e+08 -1.11347e+08            0            0            0            0            0            0            0            0            0            0
           0            0            0            0            0            0 -2.20069e+08 -2.20069e+08 -4.45388e+08  2.22694e+08 -4.45388e+08  2.22694e+08  1.11085e+09 -2.25319e+08            0            0            0            0            0            0            0            0            0            0
           0            0            0            0            0 -6.22449e+08 -2.20069e+08 -2.20069e+08  2.22694e+08 -1.11347e+08  2.22694e+08 -1.11347e+08 -2.25319e+08  1.06521e+09            0            0            0            0            0            0            0            0            0            0
           0            0            0            0            0            0            0            0            0            0            0            0            0            0  1.06784e+09  2.22694e+08 -6.22449e+08            0            0            0 -4.45388e+08 -2.22694e+08            0            0
           0            0            0            0            0            0            0            0            0            0            0            0            0            0  2.22694e+08  1.11347e+08            0            0            0            0 -2.22694e+08 -1.11347e+08            0            0
           0            0            0            0            0            0            0            0            0            0            0            0            0            0 -6.22449e+08            0   1.2449e+09            0 -6.22449e+08            0            0            0            0            0
           0            0            0            0            0            0            0            0            0            0            0            0            0            0            0            0            0   1.2449e+09            0            0            0  -1.2449e+09            0            0
           0            0            0            0            0            0 -6.22449e+08            0            0            0            0            0            0            0            0            0 -6.22449e+08            0  1.69029e+09 -2.22694e+08 -4.45388e+08  2.22694e+08            0            0
           0            0            0            0            0            0            0            0            0            0            0            0            0            0            0            0            0            0 -2.22694e+08  7.33796e+08  2.22694e+08 -1.11347e+08            0 -6.22449e+08
           0            0            0            0            0            0            0            0            0            0            0            0            0            0 -4.45388e+08 -2.22694e+08            0            0 -4.45388e+08  2.22694e+08  1.33616e+09  2.22694e+08 -4.45388e+08 -2.22694e+08
           0            0            0            0            0            0            0            0            0            0            0            0            0            0 -2.22694e+08 -1.11347e+08            0  -1.2449e+09  2.22694e+08 -1.11347e+08  2.22694e+08  1.57894e+09 -2.22694e+08 -1.11347e+08
           0            0            0            0            0            0 -2.20069e+08  2.20069e+08 -4.45388e+08 -2.22694e+08            0            0            0            0            0            0            0            0            0            0 -4.45388e+08 -2.22694e+08  1.11085e+09  2.25319e+08
           0            0            0            0            0            0  2.20069e+08 -2.20069e+08 -2.22694e+08 -1.11347e+08            0            0            0            0            0            0            0            0            0 -6.22449e+08 -2.22694e+08 -1.11347e+08  2.25319e+08  1.06521e+09

Global Force Matrix
          0
          0
          0
          0
          0
          0
          0
          0
        100
          0
          0
          0
          0
          0
6.12323e-15
        100
          0
          0
          0
          0
          0
          0
          0
          0

Reduced Global Stiffness Matrix
Nonzero entries:
(1.2449e+09,0) (0,1) (-6.22449e+08,2) (0,3) (0,4) (0,5) (0,6) (0,7) (0,8) (0,9) (0,10) (0,11) (0,12) (0,13) (0,14) (0,15) (0,16) (0,17) (0,18) (0,19) (0,20) (_,_) (_,_) (_,_) (0,0) (1.2449e+09,1) (0,2) (0,3) (0,4) (0,5) (0,6) (0,7) (-1.2449e+09,8) (0,9) (0,10) (0,11) (0,12) (0,13) (0,14) (0,15) (0,16) (0,17) (0,18) (0,19) (0,20) (_,_) (_,_) (_,_) (-6.22449e+08,0) (0,1) (1.69029e+09,2) (2.22694e+08,3) (-6.22449e+08,4) (0,5) (0,6) (-4.45388e+08,7) (-2.22694e+08,8) (0,9) (0,10) (0,11) (0,12) (0,13) (0,14) (0,15) (0,16) (0,17) (0,18) (0,19) (0,20) (_,_) (_,_) (_,_) (0,0) (0,1) (2.22694e+08,2) (7.33796e+08,3) (0,4) (0,5) (0,6) (-2.22694e+08,7) (-1.11347e+08,8) (0,9) (-6.22449e+08,10) (0,11) (0,12) (0,13) (0,14) (0,15) (0,16) (0,17) (0,18) (0,19) (0,20) (_,_) (_,_) (_,_) (0,0) (0,1) (-6.22449e+08,2) (0,3) (1.68504e+09,4) (0,5) (0,6) (0,7) (0,8) (-2.20069e+08,9) (-2.20069e+08,10) (0,11) (0,12) (0,13) (0,14) (-6.22449e+08,15) (0,16) (0,17) (0,18) (-2.20069e+08,19) (2.20069e+08,20) (_,_) (_,_) (_,_) (0,0) (0,1) (0,2) (0,3) (0,4) (8.90777e+08,5) (92.9152,6) (0,7) (0,8) (-4.45388e+08,9) (2.22694e+08,10) (0,11) (0,12) (0,13) (0,14) (0,15) (0,16) (0,17) (0,18) (-4.45388e+08,19) (-2.22694e+08,20) (_,_) (_,_) (_,_) (0,0) (0,1) (0,2) (0,3) (0,4) (92.9152,5) (6.3766e+08,6) (0,7) (0,8) (2.22694e+08,9) (-1.11347e+08,10) (0,11) (0,12) (0,13) (0,14) (0,15) (0,16) (0,17) (0,18) (-2.22694e+08,19) (-1.11347e+08,20) (_,_) (_,_) (_,_) (0,0) (0,1) (-4.45388e+08,2) (-2.22694e+08,3) (0,4) (0,5) (0,6) (1.33616e+09,7) (-2.22694e+08,8) (-4.45388e+08,9) (2.22694e+08,10) (0,11) (0,12) (0,13) (0,14) (0,15) (0,16) (0,17) (0,18) (0,19) (0,20) (_,_) (_,_) (_,_) (0,0) (-1.2449e+09,1) (-2.22694e+08,2) (-1.11347e+08,3) (0,4) (0,5) (0,6) (-2.22694e+08,7) (1.57894e+09,8) (2.22694e+08,9) (-1.11347e+08,10) (0,11) (0,12) (0,13) (0,14) (0,15) (0,16) (0,17) (0,18) (0,19) (0,20) (_,_) (_,_) (_,_) (0,0) (0,1) (0,2) (0,3) (-2.20069e+08,4) (-4.45388e+08,5) (2.22694e+08,6) (-4.45388e+08,7) (2.22694e+08,8) (1.11085e+09,9) (-2.25319e+08,10) (0,11) (0,12) (0,13) (0,14) (0,15) (0,16) (0,17) (0,18) (0,19) (0,20) (_,_) (_,_) (_,_) (0,0) (0,1) (0,2) (-6.22449e+08,3) (-2.20069e+08,4) (2.22694e+08,5) (-1.11347e+08,6) (2.22694e+08,7) (-1.11347e+08,8) (-2.25319e+08,9) (1.06521e+09,10) (0,11) (0,12) (0,13) (0,14) (0,15) (0,16) (0,17) (0,18) (0,19) (0,20) (_,_) (_,_) (_,_) (0,0) (0,1) (0,2) (0,3) (0,4) (0,5) (0,6) (0,7) (0,8) (0,9) (0,10) (1.06784e+09,11) (2.22694e+08,12) (-6.22449e+08,13) (0,14) (0,15) (0,16) (-4.45388e+08,17) (-2.22694e+08,18) (0,19) (0,20) (_,_) (_,_) (_,_) (0,0) (0,1) (0,2) (0,3) (0,4) (0,5) (0,6) (0,7) (0,8) (0,9) (0,10) (2.22694e+08,11) (1.11347e+08,12) (0,13) (0,14) (0,15) (0,16) (-2.22694e+08,17) (-1.11347e+08,18) (0,19) (0,20) (_,_) (_,_) (_,_) (0,0) (0,1) (0,2) (0,3) (0,4) (0,5) (0,6) (0,7) (0,8) (0,9) (0,10) (-6.22449e+08,11) (0,12) (1.2449e+09,13) (0,14) (-6.22449e+08,15) (0,16) (0,17) (0,18) (0,19) (0,20) (_,_) (_,_) (_,_) (0,0) (0,1) (0,2) (0,3) (0,4) (0,5) (0,6) (0,7) (0,8) (0,9) (0,10) (0,11) (0,12) (0,13) (1.2449e+09,14) (0,15) (0,16) (0,17) (-1.2449e+09,18) (0,19) (0,20) (_,_) (_,_) (_,_) (0,0) (0,1) (0,2) (0,3) (-6.22449e+08,4) (0,5) (0,6) (0,7) (0,8) (0,9) (0,10) (0,11) (0,12) (-6.22449e+08,13) (0,14) (1.69029e+09,15) (-2.22694e+08,16) (-4.45388e+08,17) (2.22694e+08,18) (0,19) (0,20) (_,_) (_,_) (_,_) (0,0) (0,1) (0,2) (0,3) (0,4) (0,5) (0,6) (0,7) (0,8) (0,9) (0,10) (0,11) (0,12) (0,13) (0,14) (-2.22694e+08,15) (7.33796e+08,16) (2.22694e+08,17) (-1.11347e+08,18) (0,19) (-6.22449e+08,20) (_,_) (_,_) (_,_) (0,0) (0,1) (0,2) (0,3) (0,4) (0,5) (0,6) (0,7) (0,8) (0,9) (0,10) (-4.45388e+08,11) (-2.22694e+08,12) (0,13) (0,14) (-4.45388e+08,15) (2.22694e+08,16) (1.33616e+09,17) (2.22694e+08,18) (-4.45388e+08,19) (-2.22694e+08,20) (_,_) (_,_) (_,_) (0,0) (0,1) (0,2) (0,3) (0,4) (0,5) (0,6) (0,7) (0,8) (0,9) (0,10) (-2.22694e+08,11) (-1.11347e+08,12) (0,13) (-1.2449e+09,14) (2.22694e+08,15) (-1.11347e+08,16) (2.22694e+08,17) (1.57894e+09,18) (-2.22694e+08,19) (-1.11347e+08,20) (_,_) (_,_) (_,_) (0,0) (0,1) (0,2) (0,3) (-2.20069e+08,4) (-4.45388e+08,5) (-2.22694e+08,6) (0,7) (0,8) (0,9) (0,10) (0,11) (0,12) (0,13) (0,14) (0,15) (0,16) (-4.45388e+08,17) (-2.22694e+08,18) (1.11085e+09,19) (2.25319e+08,20) (_,_) (_,_) (_,_) (0,0) (0,1) (0,2) (0,3) (2.20069e+08,4) (-2.22694e+08,5) (-1.11347e+08,6) (0,7) (0,8) (0,9) (0,10) (0,11) (0,12) (0,13) (0,14) (0,15) (-6.22449e+08,16) (-2.22694e+08,17) (-1.11347e+08,18) (2.25319e+08,19) (1.06521e+09,20) (_,_) 

Outer pointers:
0 24 48 72 96 120 144 168 192 216 240 264 288 312 336 360 384 408 432 456 480  $
Inner non zeros:
21 21 21 21 21 21 21 21 21 21 21 21 21 21 21 21 21 21 21 21 21  $

1.2449e+09 0 -6.22449e+08 0 0 0 0 0 0 0 0 0 0 0 0 0 0 0 0 0 0 
0 1.2449e+09 0 0 0 0 0 0 -1.2449e+09 0 0 0 0 0 0 0 0 0 0 0 0 
-6.22449e+08 0 1.69029e+09 2.22694e+08 -6.22449e+08 0 0 -4.45388e+08 -2.22694e+08 0 0 0 0 0 0 0 0 0 0 0 0 
0 0 2.22694e+08 7.33796e+08 0 0 0 -2.22694e+08 -1.11347e+08 0 -6.22449e+08 0 0 0 0 0 0 0 0 0 0 
0 0 -6.22449e+08 0 1.68504e+09 0 0 0 0 -2.20069e+08 -2.20069e+08 0 0 0 0 -6.22449e+08 0 0 0 -2.20069e+08 2.20069e+08 
0 0 0 0 0 8.90777e+08 92.9152 0 0 -4.45388e+08 2.22694e+08 0 0 0 0 0 0 0 0 -4.45388e+08 -2.22694e+08 
0 0 0 0 0 92.9152 6.3766e+08 0 0 2.22694e+08 -1.11347e+08 0 0 0 0 0 0 0 0 -2.22694e+08 -1.11347e+08 
0 0 -4.45388e+08 -2.22694e+08 0 0 0 1.33616e+09 -2.22694e+08 -4.45388e+08 2.22694e+08 0 0 0 0 0 0 0 0 0 0 
0 -1.2449e+09 -2.22694e+08 -1.11347e+08 0 0 0 -2.22694e+08 1.57894e+09 2.22694e+08 -1.11347e+08 0 0 0 0 0 0 0 0 0 0 
0 0 0 0 -2.20069e+08 -4.45388e+08 2.22694e+08 -4.45388e+08 2.22694e+08 1.11085e+09 -2.25319e+08 0 0 0 0 0 0 0 0 0 0 
0 0 0 -6.22449e+08 -2.20069e+08 2.22694e+08 -1.11347e+08 2.22694e+08 -1.11347e+08 -2.25319e+08 1.06521e+09 0 0 0 0 0 0 0 0 0 0 
0 0 0 0 0 0 0 0 0 0 0 1.06784e+09 2.22694e+08 -6.22449e+08 0 0 0 -4.45388e+08 -2.22694e+08 0 0 
0 0 0 0 0 0 0 0 0 0 0 2.22694e+08 1.11347e+08 0 0 0 0 -2.22694e+08 -1.11347e+08 0 0 
0 0 0 0 0 0 0 0 0 0 0 -6.22449e+08 0 1.2449e+09 0 -6.22449e+08 0 0 0 0 0 
0 0 0 0 0 0 0 0 0 0 0 0 0 0 1.2449e+09 0 0 0 -1.2449e+09 0 0 
0 0 0 0 -6.22449e+08 0 0 0 0 0 0 0 0 -6.22449e+08 0 1.69029e+09 -2.22694e+08 -4.45388e+08 2.22694e+08 0 0 
0 0 0 0 0 0 0 0 0 0 0 0 0 0 0 -2.22694e+08 7.33796e+08 2.22694e+08 -1.11347e+08 0 -6.22449e+08 
0 0 0 0 0 0 0 0 0 0 0 -4.45388e+08 -2.22694e+08 0 0 -4.45388e+08 2.22694e+08 1.33616e+09 2.22694e+08 -4.45388e+08 -2.22694e+08 
0 0 0 0 0 0 0 0 0 0 0 -2.22694e+08 -1.11347e+08 0 -1.2449e+09 2.22694e+08 -1.11347e+08 2.22694e+08 1.57894e+09 -2.22694e+08 -1.11347e+08 
0 0 0 0 -2.20069e+08 -4.45388e+08 -2.22694e+08 0 0 0 0 0 0 0 0 0 0 -4.45388e+08 -2.22694e+08 1.11085e+09 2.25319e+08 
0 0 0 0 2.20069e+08 -2.22694e+08 -1.11347e+08 0 0 0 0 0 0 0 0 0 -6.22449e+08 -2.22694e+08 -1.11347e+08 2.25319e+08 1.06521e+09 


Reduced Global Force Matrix
Nonzero entries:
(0,0) (0,1) (0,2) (0,3) (0,4) (100,5) (0,6) (0,7) (0,8) (0,9) (0,10) (6.12323e-15,11) (100,12) (0,13) (0,14) (0,15) (0,16) (0,17) (0,18) (0,19) (0,20) (_,_) (_,_) (_,_) (_,_) (_,_) (_,_) (_,_) (_,_) (_,_) (_,_) (_,_) (_,_) (_,_) (_,_) (_,_) (_,_) (_,_) (_,_) (_,_) (_,_) (_,_) 

Outer pointers:
0  $
Inner non zeros:
21  $

0
0
0
0
0
100
0
0
0
0
0
6.12323e-15
100
0
0
0
0
0
0
0
0


Reduced Global Displacement Matrix
Nonzero entries:
(-3.21311e-07,0) (-2.08655e-06,1) (-6.42623e-07,2) (-1.54072e-06,3) (-9.63934e-07,4) (2.32194e-06,5) (6.02459e-07,6) (-3.69706e-07,7) (-2.08655e-06,8) (5.76781e-07,9) (-1.54072e-06,10) (-1.92787e-06,11) (1.17964e-05,12) (-1.60656e-06,13) (6.15189e-06,14) (-1.28525e-06,15) (2.69077e-06,16) (4.45316e-07,17) (6.15189e-06,18) (1.72683e-06,19) (2.69077e-06,20) 

Outer pointers:
0  $

-3.21311e-07
-2.08655e-06
-6.42623e-07
-1.54072e-06
-9.63934e-07
2.32194e-06
6.02459e-07
-3.69706e-07
-2.08655e-06
5.76781e-07
-1.54072e-06
-1.92787e-06
1.17964e-05
-1.60656e-06
6.15189e-06
-1.28525e-06
2.69077e-06
4.45316e-07
6.15189e-06
1.72683e-06
2.69077e-06


Global Displacement Matrix
           0
           0
-3.21311e-07
-2.08655e-06
-6.42623e-07
-1.54072e-06
-9.63934e-07
           0
 2.32194e-06
 6.02459e-07
-3.69706e-07
-2.08655e-06
 5.76781e-07
-1.54072e-06
-1.92787e-06
 1.17964e-05
-1.60656e-06
 6.15189e-06
-1.28525e-06
 2.69077e-06
 4.45316e-07
 6.15189e-06
 1.72683e-06
 2.69077e-06

Global Resultant Matrix
        -100
         150
-5.68434e-14
-9.09495e-13
-8.52651e-13
-3.41061e-13
 4.54747e-13
        -250
 1.13687e-13
           0
-6.25278e-13
 1.84741e-12
 9.09495e-13
-4.54747e-13
  2.2125e-13
 2.27374e-13
 2.27374e-13
           0
-6.82121e-13
 6.82121e-13
-3.41061e-13
 -1.7053e-13
 2.27374e-13
-4.54747e-13

Global Displacement Matrix - Settlement Transformed
           0
           0
-3.21311e-07
-2.08655e-06
-6.42623e-07
-1.54072e-06
-9.63934e-07
           0
 2.32194e-06
 6.02459e-07
-3.69706e-07
-2.08655e-06
 5.76781e-07
-1.54072e-06
-1.92787e-06
 1.17964e-05
-1.60656e-06
 6.15189e-06
-1.28525e-06
 2.69077e-06
 4.45316e-07
 6.15189e-06
 1.72683e-06
 2.69077e-06

Global Resultant Matrix - Settlement Transformed
        -100
         150
-5.68434e-14
-9.09495e-13
-8.52651e-13
-3.41061e-13
 4.54747e-13
        -250
 1.13687e-13
           0
-6.25278e-13
 1.84741e-12
 9.09495e-13
-4.54747e-13
  2.2125e-13
 2.27374e-13
 2.27374e-13
           0
-6.82121e-13
 6.82121e-13
-3.41061e-13
 -1.7053e-13
 2.27374e-13
-4.54747e-13

