Member (0 -> 1)
 6.22449e+08           -0 -6.22449e+08            0
          -0            0            0           -0
-6.22449e+08            0  6.22449e+08           -0
           0           -0           -0            0

Member (1 -> 2)
 6.22449e+08           -0 -6.22449e+08            0
          -0            0            0           -0
-6.22449e+08            0  6.22449e+08           -0
           0           -0           -0            0

Member (2 -> 3)
 6.22449e+08           -0 -6.22449e+08            0
          -0            0            0           -0
-6.22449e+08            0  6.22449e+08           -0
           0           -0           -0            0

Member (3 -> 4)
 6.22449e+08           -0 -6.22449e+08            0
          -0            0            0           -0
-6.22449e+08            0  6.22449e+08           -0
           0           -0           -0            0

Member (4 -> 5)
 6.22449e+08           -0 -6.22449e+08            0
          -0            0            0           -0
-6.22449e+08            0  6.22449e+08           -0
           0           -0           -0            0

Member (5 -> 6)
 6.22449e+08           -0 -6.22449e+08            0
          -0            0            0           -0
-6.22449e+08            0  6.22449e+08           -0
           0           -0           -0            0

Member (0 -> 7)
           0           -0           -0            0
          -0  8.29932e+08            0 -8.29932e+08
          -0            0            0           -0
           0 -8.29932e+08           -0  8.29932e+08

Member (7 -> 8)
 5.68343e+08 -1.42086e+08 -5.68343e+08  1.42086e+08
-1.42086e+08  3.55214e+07  1.42086e+08 -3.55214e+07
-5.68343e+08  1.42086e+08  5.68343e+08 -1.42086e+08
 1.42086e+08 -3.55214e+07 -1.42086e+08  3.55214e+07

Member (1 -> 8)
           0           -0           -0            0
          -0  6.22449e+08            0 -6.22449e+08
          -0            0            0           -0
           0 -6.22449e+08           -0  6.22449e+08

Member (2 -> 9)
           0           -0           -0            0
          -0  4.97959e+08            0 -4.97959e+08
          -0            0            0           -0
           0 -4.97959e+08           -0  4.97959e+08

Member (3 -> 10)
           0           -0           -0            0
          -0  4.14966e+08            0 -4.14966e+08
          -0            0            0           -0
           0 -4.14966e+08           -0  4.14966e+08

Member (7 -> 1)
 3.18694e+08   2.3902e+08 -3.18694e+08  -2.3902e+08
  2.3902e+08  1.79265e+08  -2.3902e+08 -1.79265e+08
-3.18694e+08  -2.3902e+08  3.18694e+08   2.3902e+08
 -2.3902e+08 -1.79265e+08   2.3902e+08  1.79265e+08

Member (1 -> 9)
 1.51743e+08 -1.89678e+08 -1.51743e+08  1.89678e+08
-1.89678e+08  2.37098e+08  1.89678e+08 -2.37098e+08
-1.51743e+08  1.89678e+08  1.51743e+08 -1.89678e+08
 1.89678e+08 -2.37098e+08 -1.89678e+08  2.37098e+08

Member (9 -> 3)
 1.51743e+08  1.89678e+08 -1.51743e+08 -1.89678e+08
 1.89678e+08  2.37098e+08 -1.89678e+08 -2.37098e+08
-1.51743e+08 -1.89678e+08  1.51743e+08  1.89678e+08
-1.89678e+08 -2.37098e+08  1.89678e+08  2.37098e+08

Member (6 -> 11)
           0           -0           -0            0
          -0  8.29932e+08            0 -8.29932e+08
          -0            0            0           -0
           0 -8.29932e+08           -0  8.29932e+08

Member (11 -> 12)
 5.68343e+08  1.42086e+08 -5.68343e+08 -1.42086e+08
 1.42086e+08  3.55214e+07 -1.42086e+08 -3.55214e+07
-5.68343e+08 -1.42086e+08  5.68343e+08  1.42086e+08
-1.42086e+08 -3.55214e+07  1.42086e+08  3.55214e+07

Member (5 -> 12)
           0           -0           -0            0
          -0  6.22449e+08            0 -6.22449e+08
          -0            0            0           -0
           0 -6.22449e+08           -0  6.22449e+08

Member (4 -> 13)
           0           -0           -0            0
          -0  4.97959e+08            0 -4.97959e+08
          -0            0            0           -0
           0 -4.97959e+08           -0  4.97959e+08

Member (11 -> 5)
 3.18694e+08  -2.3902e+08 -3.18694e+08   2.3902e+08
 -2.3902e+08  1.79265e+08   2.3902e+08 -1.79265e+08
-3.18694e+08   2.3902e+08  3.18694e+08  -2.3902e+08
  2.3902e+08 -1.79265e+08  -2.3902e+08  1.79265e+08

Member (5 -> 13)
 1.51743e+08  1.89678e+08 -1.51743e+08 -1.89678e+08
 1.89678e+08  2.37098e+08 -1.89678e+08 -2.37098e+08
-1.51743e+08 -1.89678e+08  1.51743e+08  1.89678e+08
-1.89678e+08 -2.37098e+08  1.89678e+08  2.37098e+08

Member (13 -> 3)
 1.51743e+08 -1.89678e+08 -1.51743e+08  1.89678e+08
-1.89678e+08  2.37098e+08  1.89678e+08 -2.37098e+08
-1.51743e+08  1.89678e+08  1.51743e+08 -1.89678e+08
 1.89678e+08 -2.37098e+08 -1.89678e+08  2.37098e+08

Member (8 -> 9)
 5.68343e+08 -1.42086e+08 -5.68343e+08  1.42086e+08
-1.42086e+08  3.55214e+07  1.42086e+08 -3.55214e+07
-5.68343e+08  1.42086e+08  5.68343e+08 -1.42086e+08
 1.42086e+08 -3.55214e+07 -1.42086e+08  3.55214e+07

Member (9 -> 10)
 5.68343e+08 -1.42086e+08 -5.68343e+08  1.42086e+08
-1.42086e+08  3.55214e+07  1.42086e+08 -3.55214e+07
-5.68343e+08  1.42086e+08  5.68343e+08 -1.42086e+08
 1.42086e+08 -3.55214e+07 -1.42086e+08  3.55214e+07

Member (10 -> 13)
 5.68343e+08  1.42086e+08 -5.68343e+08 -1.42086e+08
 1.42086e+08  3.55214e+07 -1.42086e+08 -3.55214e+07
-5.68343e+08 -1.42086e+08  5.68343e+08  1.42086e+08
-1.42086e+08 -3.55214e+07  1.42086e+08  3.55214e+07

Member (13 -> 12)
 5.68343e+08  1.42086e+08 -5.68343e+08 -1.42086e+08
 1.42086e+08  3.55214e+07 -1.42086e+08 -3.55214e+07
-5.68343e+08 -1.42086e+08  5.68343e+08  1.42086e+08
-1.42086e+08 -3.55214e+07  1.42086e+08  3.55214e+07

Global Stiffness Matrix
 6.22449e+08            0 -6.22449e+08            0            0            0            0            0            0            0            0            0            0            0            0            0            0            0            0            0            0            0            0            0            0            0            0            0
           0  8.29932e+08            0            0            0            0            0            0            0            0            0            0            0            0            0 -8.29932e+08            0            0            0            0            0            0            0            0            0            0            0            0
-6.22449e+08            0  1.71533e+09   4.9342e+07 -6.22449e+08            0            0            0            0            0            0            0            0            0 -3.18694e+08  -2.3902e+08            0            0 -1.51743e+08  1.89678e+08            0            0            0            0            0            0            0            0
           0            0   4.9342e+07  1.03881e+09            0            0            0            0            0            0            0            0            0            0  -2.3902e+08 -1.79265e+08            0 -6.22449e+08  1.89678e+08 -2.37098e+08            0            0            0            0            0            0            0            0
           0            0 -6.22449e+08            0   1.2449e+09            0 -6.22449e+08            0            0            0            0            0            0            0            0            0            0            0            0            0            0            0            0            0            0            0            0            0
           0            0            0            0            0  4.97959e+08            0            0            0            0            0            0            0            0            0            0            0            0            0 -4.97959e+08            0            0            0            0            0            0            0            0
           0            0            0            0 -6.22449e+08            0  1.54838e+09            0 -6.22449e+08            0            0            0            0            0            0            0            0            0 -1.51743e+08 -1.89678e+08            0            0            0            0            0            0 -1.51743e+08  1.89678e+08
           0            0            0            0            0            0            0  8.89162e+08            0            0            0            0            0            0            0            0            0            0 -1.89678e+08 -2.37098e+08            0 -4.14966e+08            0            0            0            0  1.89678e+08 -2.37098e+08
           0            0            0            0            0            0 -6.22449e+08            0   1.2449e+09            0 -6.22449e+08            0            0            0            0            0            0            0            0            0            0            0            0            0            0            0            0            0
           0            0            0            0            0            0            0            0            0  4.97959e+08            0            0            0            0            0            0            0            0            0            0            0            0            0            0            0            0            0 -4.97959e+08
           0            0            0            0            0            0            0            0 -6.22449e+08            0  1.71533e+09  -4.9342e+07 -6.22449e+08            0            0            0            0            0            0            0            0            0 -3.18694e+08   2.3902e+08            0            0 -1.51743e+08 -1.89678e+08
           0            0            0            0            0            0            0            0            0            0  -4.9342e+07  1.03881e+09            0            0            0            0            0            0            0            0            0            0   2.3902e+08 -1.79265e+08            0 -6.22449e+08 -1.89678e+08 -2.37098e+08
           0            0            0            0            0            0            0            0            0            0 -6.22449e+08            0  6.22449e+08            0            0            0            0            0            0            0            0            0            0            0            0            0            0            0
           0            0            0            0            0            0            0            0            0            0            0            0            0  8.29932e+08            0            0            0            0            0            0            0            0            0 -8.29932e+08            0            0            0            0
           0            0 -3.18694e+08  -2.3902e+08            0            0            0            0            0            0            0            0            0            0  8.87037e+08  9.69347e+07 -5.68343e+08  1.42086e+08            0            0            0            0            0            0            0            0            0            0
           0 -8.29932e+08  -2.3902e+08 -1.79265e+08            0            0            0            0            0            0            0            0            0            0  9.69347e+07  1.04472e+09  1.42086e+08 -3.55214e+07            0            0            0            0            0            0            0            0            0            0
           0            0            0            0            0            0            0            0            0            0            0            0            0            0 -5.68343e+08  1.42086e+08  1.13669e+09 -2.84171e+08 -5.68343e+08  1.42086e+08            0            0            0            0            0            0            0            0
           0            0            0 -6.22449e+08            0            0            0            0            0            0            0            0            0            0  1.42086e+08 -3.55214e+07 -2.84171e+08  6.93492e+08  1.42086e+08 -3.55214e+07            0            0            0            0            0            0            0            0
           0            0 -1.51743e+08  1.89678e+08            0            0 -1.51743e+08 -1.89678e+08            0            0            0            0            0            0            0            0 -5.68343e+08  1.42086e+08  1.44017e+09 -2.84171e+08 -5.68343e+08  1.42086e+08            0            0            0            0            0            0
           0            0  1.89678e+08 -2.37098e+08            0 -4.97959e+08 -1.89678e+08 -2.37098e+08            0            0            0            0            0            0            0            0  1.42086e+08 -3.55214e+07 -2.84171e+08   1.0432e+09  1.42086e+08 -3.55214e+07            0            0            0            0            0            0
           0            0            0            0            0            0            0            0            0            0            0            0            0            0            0            0            0            0 -5.68343e+08  1.42086e+08  1.13669e+09            0            0            0            0            0 -5.68343e+08 -1.42086e+08
           0            0            0            0            0            0            0 -4.14966e+08            0            0            0            0            0            0            0            0            0            0  1.42086e+08 -3.55214e+07            0  4.86009e+08            0            0            0            0 -1.42086e+08 -3.55214e+07
           0            0            0            0            0            0            0            0            0            0 -3.18694e+08   2.3902e+08            0            0            0            0            0            0            0            0            0            0  8.87037e+08 -9.69347e+07 -5.68343e+08 -1.42086e+08            0            0
           0            0            0            0            0            0            0            0            0            0   2.3902e+08 -1.79265e+08            0 -8.29932e+08            0            0            0            0            0            0            0            0 -9.69347e+07  1.04472e+09 -1.42086e+08 -3.55214e+07            0            0
           0            0            0            0            0            0            0            0            0            0            0            0            0            0            0            0            0            0            0            0            0            0 -5.68343e+08 -1.42086e+08  1.13669e+09  2.84171e+08 -5.68343e+08 -1.42086e+08
           0            0            0            0            0            0            0            0            0            0            0 -6.22449e+08            0            0            0            0            0            0            0            0            0            0 -1.42086e+08 -3.55214e+07  2.84171e+08  6.93492e+08 -1.42086e+08 -3.55214e+07
           0            0            0            0            0            0 -1.51743e+08  1.89678e+08            0            0 -1.51743e+08 -1.89678e+08            0            0            0            0            0            0            0            0 -5.68343e+08 -1.42086e+08            0            0 -5.68343e+08 -1.42086e+08  1.44017e+09  2.84171e+08
           0            0            0            0            0            0  1.89678e+08 -2.37098e+08            0 -4.97959e+08 -1.89678e+08 -2.37098e+08            0            0            0            0            0            0            0            0 -1.42086e+08 -3.55214e+07            0            0 -1.42086e+08 -3.55214e+07  2.84171e+08   1.0432e+09

Global Support Inclination Matrix
 1 -0  0  0  0  0  0  0  0  0  0  0  0  0  0  0  0  0  0  0  0  0  0  0  0  0  0  0
 0  1  0  0  0  0  0  0  0  0  0  0  0  0  0  0  0  0  0  0  0  0  0  0  0  0  0  0
 0  0  1  0  0  0  0  0  0  0  0  0  0  0  0  0  0  0  0  0  0  0  0  0  0  0  0  0
 0  0  0  1  0  0  0  0  0  0  0  0  0  0  0  0  0  0  0  0  0  0  0  0  0  0  0  0
 0  0  0  0  1  0  0  0  0  0  0  0  0  0  0  0  0  0  0  0  0  0  0  0  0  0  0  0
 0  0  0  0  0  1  0  0  0  0  0  0  0  0  0  0  0  0  0  0  0  0  0  0  0  0  0  0
 0  0  0  0  0  0  1  0  0  0  0  0  0  0  0  0  0  0  0  0  0  0  0  0  0  0  0  0
 0  0  0  0  0  0  0  1  0  0  0  0  0  0  0  0  0  0  0  0  0  0  0  0  0  0  0  0
 0  0  0  0  0  0  0  0  1  0  0  0  0  0  0  0  0  0  0  0  0  0  0  0  0  0  0  0
 0  0  0  0  0  0  0  0  0  1  0  0  0  0  0  0  0  0  0  0  0  0  0  0  0  0  0  0
 0  0  0  0  0  0  0  0  0  0  1  0  0  0  0  0  0  0  0  0  0  0  0  0  0  0  0  0
 0  0  0  0  0  0  0  0  0  0  0  1  0  0  0  0  0  0  0  0  0  0  0  0  0  0  0  0
 0  0  0  0  0  0  0  0  0  0  0  0  1 -0  0  0  0  0  0  0  0  0  0  0  0  0  0  0
 0  0  0  0  0  0  0  0  0  0  0  0  0  1  0  0  0  0  0  0  0  0  0  0  0  0  0  0
 0  0  0  0  0  0  0  0  0  0  0  0  0  0  1  0  0  0  0  0  0  0  0  0  0  0  0  0
 0  0  0  0  0  0  0  0  0  0  0  0  0  0  0  1  0  0  0  0  0  0  0  0  0  0  0  0
 0  0  0  0  0  0  0  0  0  0  0  0  0  0  0  0  1  0  0  0  0  0  0  0  0  0  0  0
 0  0  0  0  0  0  0  0  0  0  0  0  0  0  0  0  0  1  0  0  0  0  0  0  0  0  0  0
 0  0  0  0  0  0  0  0  0  0  0  0  0  0  0  0  0  0  1  0  0  0  0  0  0  0  0  0
 0  0  0  0  0  0  0  0  0  0  0  0  0  0  0  0  0  0  0  1  0  0  0  0  0  0  0  0
 0  0  0  0  0  0  0  0  0  0  0  0  0  0  0  0  0  0  0  0  1  0  0  0  0  0  0  0
 0  0  0  0  0  0  0  0  0  0  0  0  0  0  0  0  0  0  0  0  0  1  0  0  0  0  0  0
 0  0  0  0  0  0  0  0  0  0  0  0  0  0  0  0  0  0  0  0  0  0  1  0  0  0  0  0
 0  0  0  0  0  0  0  0  0  0  0  0  0  0  0  0  0  0  0  0  0  0  0  1  0  0  0  0
 0  0  0  0  0  0  0  0  0  0  0  0  0  0  0  0  0  0  0  0  0  0  0  0  1  0  0  0
 0  0  0  0  0  0  0  0  0  0  0  0  0  0  0  0  0  0  0  0  0  0  0  0  0  1  0  0
 0  0  0  0  0  0  0  0  0  0  0  0  0  0  0  0  0  0  0  0  0  0  0  0  0  0  1  0
 0  0  0  0  0  0  0  0  0  0  0  0  0  0  0  0  0  0  0  0  0  0  0  0  0  0  0  1

Global Force Matrix
    0.000000
    0.000000
    0.000000
10000.000000
    0.000000
10000.000000
    0.000000
10000.000000
    0.000000
10000.000000
    0.000000
10000.000000
    0.000000
    0.000000
    0.000000
    0.000000
    0.000000
    0.000000
    0.000000
    0.000000
    0.000000
    0.000000
    0.000000
    0.000000
    0.000000
    0.000000
    0.000000
    0.000000

Reduced Global Stiffness Matrix
Nonzero entries:
(1715334642.206909,0) (49341973.241364,1) (-622449000.000000,2) (0.000000,3) (0.000000,4) (0.000000,5) (0.000000,6) (0.000000,7) (0.000000,8) (0.000000,9) (0.000000,10) (-318693888.000000,11) (-239020416.000000,12) (0.000000,13) (0.000000,14) (-151742754.206909,15) (189678442.758636,16) (0.000000,17) (0.000000,18) (0.000000,19) (0.000000,20) (0.000000,21) (0.000000,22) (0.000000,23) (0.000000,24) (_,_) (_,_) (_,_) (_,_) (_,_) (_,_) (_,_) (_,_) (_,_) (_,_) (_,_) (_,_) (_,_) (_,_) (_,_) (_,_) (_,_) (_,_) (_,_) (_,_) (_,_) (_,_) (_,_) (49341973.241364,0) (1038812365.448295,1) (0.000000,2) (0.000000,3) (0.000000,4) (0.000000,5) (0.000000,6) (0.000000,7) (0.000000,8) (0.000000,9) (0.000000,10) (-239020416.000000,11) (-179265312.000000,12) (0.000000,13) (-622449000.000000,14) (189678442.758636,15) (-237098053.448295,16) (0.000000,17) (0.000000,18) (0.000000,19) (0.000000,20) (0.000000,21) (0.000000,22) (0.000000,23) (0.000000,24) (_,_) (_,_) (_,_) (_,_) (_,_) (_,_) (_,_) (_,_) (_,_) (_,_) (_,_) (_,_) (_,_) (_,_) (_,_) (_,_) (_,_) (_,_) (_,_) (_,_) (_,_) (_,_) (_,_) (-622449000.000000,0) (0.000000,1) (1244898000.000000,2) (0.000000,3) (-622449000.000000,4) (0.000000,5) (0.000000,6) (0.000000,7) (0.000000,8) (0.000000,9) (0.000000,10) (0.000000,11) (0.000000,12) (0.000000,13) (0.000000,14) (0.000000,15) (0.000000,16) (0.000000,17) (0.000000,18) (0.000000,19) (0.000000,20) (0.000000,21) (0.000000,22) (0.000000,23) (0.000000,24) (_,_) (_,_) (_,_) (_,_) (_,_) (_,_) (_,_) (_,_) (_,_) (_,_) (_,_) (_,_) (_,_) (_,_) (_,_) (_,_) (_,_) (_,_) (_,_) (_,_) (_,_) (_,_) (_,_) (0.000000,0) (0.000000,1) (0.000000,2) (497959200.000000,3) (0.000000,4) (0.000000,5) (0.000000,6) (0.000000,7) (0.000000,8) (0.000000,9) (0.000000,10) (0.000000,11) (0.000000,12) (0.000000,13) (0.000000,14) (0.000000,15) (-497959200.000000,16) (0.000000,17) (0.000000,18) (0.000000,19) (0.000000,20) (0.000000,21) (0.000000,22) (0.000000,23) (0.000000,24) (_,_) (_,_) (_,_) (_,_) (_,_) (_,_) (_,_) (_,_) (_,_) (_,_) (_,_) (_,_) (_,_) (_,_) (_,_) (_,_) (_,_) (_,_) (_,_) (_,_) (_,_) (_,_) (_,_) (0.000000,0) (0.000000,1) (-622449000.000000,2) (0.000000,3) (1548383508.413817,4) (0.000000,5) (-622449000.000000,6) (0.000000,7) (0.000000,8) (0.000000,9) (0.000000,10) (0.000000,11) (0.000000,12) (0.000000,13) (0.000000,14) (-151742754.206909,15) (-189678442.758636,16) (0.000000,17) (0.000000,18) (0.000000,19) (0.000000,20) (0.000000,21) (0.000000,22) (-151742754.206909,23) (189678442.758636,24) (_,_) (_,_) (_,_) (_,_) (_,_) (_,_) (_,_) (_,_) (_,_) (_,_) (_,_) (_,_) (_,_) (_,_) (_,_) (_,_) (_,_) (_,_) (_,_) (_,_) (_,_) (_,_) (_,_) (0.000000,0) (0.000000,1) (0.000000,2) (0.000000,3) (0.000000,4) (889162106.896590,5) (0.000000,6) (0.000000,7) (0.000000,8) (0.000000,9) (0.000000,10) (0.000000,11) (0.000000,12) (0.000000,13) (0.000000,14) (-189678442.758636,15) (-237098053.448295,16) (0.000000,17) (-414966000.000000,18) (0.000000,19) (0.000000,20) (0.000000,21) (0.000000,22) (189678442.758636,23) (-237098053.448295,24) (_,_) (_,_) (_,_) (_,_) (_,_) (_,_) (_,_) (_,_) (_,_) (_,_) (_,_) (_,_) (_,_) (_,_) (_,_) (_,_) (_,_) (_,_) (_,_) (_,_) (_,_) (_,_) (_,_) (0.000000,0) (0.000000,1) (0.000000,2) (0.000000,3) (-622449000.000000,4) (0.000000,5) (1244898000.000000,6) (0.000000,7) (-622449000.000000,8) (0.000000,9) (0.000000,10) (0.000000,11) (0.000000,12) (0.000000,13) (0.000000,14) (0.000000,15) (0.000000,16) (0.000000,17) (0.000000,18) (0.000000,19) (0.000000,20) (0.000000,21) (0.000000,22) (0.000000,23) (0.000000,24) (_,_) (_,_) (_,_) (_,_) (_,_) (_,_) (_,_) (_,_) (_,_) (_,_) (_,_) (_,_) (_,_) (_,_) (_,_) (_,_) (_,_) (_,_) (_,_) (_,_) (_,_) (_,_) (_,_) (0.000000,0) (0.000000,1) (0.000000,2) (0.000000,3) (0.000000,4) (0.000000,5) (0.000000,6) (497959200.000000,7) (0.000000,8) (0.000000,9) (0.000000,10) (0.000000,11) (0.000000,12) (0.000000,13) (0.000000,14) (0.000000,15) (0.000000,16) (0.000000,17) (0.000000,18) (0.000000,19) (0.000000,20) (0.000000,21) (0.000000,22) (0.000000,23) (-497959200.000000,24) (_,_) (_,_) (_,_) (_,_) (_,_) (_,_) (_,_) (_,_) (_,_) (_,_) (_,_) (_,_) (_,_) (_,_) (_,_) (_,_) (_,_) (_,_) (_,_) (_,_) (_,_) (_,_) (_,_) (0.000000,0) (0.000000,1) (0.000000,2) (0.000000,3) (0.000000,4) (0.000000,5) (-622449000.000000,6) (0.000000,7) (1715334642.206909,8) (-49341973.241364,9) (-622449000.000000,10) (0.000000,11) (0.000000,12) (0.000000,13) (0.000000,14) (0.000000,15) (0.000000,16) (0.000000,17) (0.000000,18) (-318693888.000000,19) (239020416.000000,20) (0.000000,21) (0.000000,22) (-151742754.206909,23) (-189678442.758636,24) (_,_) (_,_) (_,_) (_,_) (_,_) (_,_) (_,_) (_,_) (_,_) (_,_) (_,_) (_,_) (_,_) (_,_) (_,_) (_,_) (_,_) (_,_) (_,_) (_,_) (_,_) (_,_) (_,_) (0.000000,0) (0.000000,1) (0.000000,2) (0.000000,3) (0.000000,4) (0.000000,5) (0.000000,6) (0.000000,7) (-49341973.241364,8) (1038812365.448295,9) (0.000000,10) (0.000000,11) (0.000000,12) (0.000000,13) (0.000000,14) (0.000000,15) (0.000000,16) (0.000000,17) (0.000000,18) (239020416.000000,19) (-179265312.000000,20) (0.000000,21) (-622449000.000000,22) (-189678442.758636,23) (-237098053.448295,24) (_,_) (_,_) (_,_) (_,_) (_,_) (_,_) (_,_) (_,_) (_,_) (_,_) (_,_) (_,_) (_,_) (_,_) (_,_) (_,_) (_,_) (_,_) (_,_) (_,_) (_,_) (_,_) (_,_) (0.000000,0) (0.000000,1) (0.000000,2) (0.000000,3) (0.000000,4) (0.000000,5) (0.000000,6) (0.000000,7) (-622449000.000000,8) (0.000000,9) (622449000.000000,10) (0.000000,11) (0.000000,12) (0.000000,13) (0.000000,14) (0.000000,15) (0.000000,16) (0.000000,17) (0.000000,18) (0.000000,19) (0.000000,20) (0.000000,21) (0.000000,22) (0.000000,23) (0.000000,24) (_,_) (_,_) (_,_) (_,_) (_,_) (_,_) (_,_) (_,_) (_,_) (_,_) (_,_) (_,_) (_,_) (_,_) (_,_) (_,_) (_,_) (_,_) (_,_) (_,_) (_,_) (_,_) (_,_) (-318693888.000000,0) (-239020416.000000,1) (0.000000,2) (0.000000,3) (0.000000,4) (0.000000,5) (0.000000,6) (0.000000,7) (0.000000,8) (0.000000,9) (0.000000,10) (887036691.833376,11) (96934715.041656,12) (-568342803.833376,13) (142085700.958344,14) (0.000000,15) (0.000000,16) (0.000000,17) (0.000000,18) (0.000000,19) (0.000000,20) (0.000000,21) (0.000000,22) (0.000000,23) (0.000000,24) (_,_) (_,_) (_,_) (_,_) (_,_) (_,_) (_,_) (_,_) (_,_) (_,_) (_,_) (_,_) (_,_) (_,_) (_,_) (_,_) (_,_) (_,_) (_,_) (_,_) (_,_) (_,_) (_,_) (-239020416.000000,0) (-179265312.000000,1) (0.000000,2) (0.000000,3) (0.000000,4) (0.000000,5) (0.000000,6) (0.000000,7) (0.000000,8) (0.000000,9) (0.000000,10) (96934715.041656,11) (1044718737.239586,12) (142085700.958344,13) (-35521425.239586,14) (0.000000,15) (0.000000,16) (0.000000,17) (0.000000,18) (0.000000,19) (0.000000,20) (0.000000,21) (0.000000,22) (0.000000,23) (0.000000,24) (_,_) (_,_) (_,_) (_,_) (_,_) (_,_) (_,_) (_,_) (_,_) (_,_) (_,_) (_,_) (_,_) (_,_) (_,_) (_,_) (_,_) (_,_) (_,_) (_,_) (_,_) (_,_) (_,_) (0.000000,0) (0.000000,1) (0.000000,2) (0.000000,3) (0.000000,4) (0.000000,5) (0.000000,6) (0.000000,7) (0.000000,8) (0.000000,9) (0.000000,10) (-568342803.833376,11) (142085700.958344,12) (1136685607.666751,13) (-284171401.916688,14) (-568342803.833376,15) (142085700.958344,16) (0.000000,17) (0.000000,18) (0.000000,19) (0.000000,20) (0.000000,21) (0.000000,22) (0.000000,23) (0.000000,24) (_,_) (_,_) (_,_) (_,_) (_,_) (_,_) (_,_) (_,_) (_,_) (_,_) (_,_) (_,_) (_,_) (_,_) (_,_) (_,_) (_,_) (_,_) (_,_) (_,_) (_,_) (_,_) (_,_) (0.000000,0) (-622449000.000000,1) (0.000000,2) (0.000000,3) (0.000000,4) (0.000000,5) (0.000000,6) (0.000000,7) (0.000000,8) (0.000000,9) (0.000000,10) (142085700.958344,11) (-35521425.239586,12) (-284171401.916688,13) (693491850.479172,14) (142085700.958344,15) (-35521425.239586,16) (0.000000,17) (0.000000,18) (0.000000,19) (0.000000,20) (0.000000,21) (0.000000,22) (0.000000,23) (0.000000,24) (_,_) (_,_) (_,_) (_,_) (_,_) (_,_) (_,_) (_,_) (_,_) (_,_) (_,_) (_,_) (_,_) (_,_) (_,_) (_,_) (_,_) (_,_) (_,_) (_,_) (_,_) (_,_) (_,_) (-151742754.206909,0) (189678442.758636,1) (0.000000,2) (0.000000,3) (-151742754.206909,4) (-189678442.758636,5) (0.000000,6) (0.000000,7) (0.000000,8) (0.000000,9) (0.000000,10) (0.000000,11) (0.000000,12) (-568342803.833376,13) (142085700.958344,14) (1440171116.080569,15) (-284171401.916688,16) (-568342803.833376,17) (142085700.958344,18) (0.000000,19) (0.000000,20) (0.000000,21) (0.000000,22) (0.000000,23) (0.000000,24) (_,_) (_,_) (_,_) (_,_) (_,_) (_,_) (_,_) (_,_) (_,_) (_,_) (_,_) (_,_) (_,_) (_,_) (_,_) (_,_) (_,_) (_,_) (_,_) (_,_) (_,_) (_,_) (_,_) (189678442.758636,0) (-237098053.448295,1) (0.000000,2) (-497959200.000000,3) (-189678442.758636,4) (-237098053.448295,5) (0.000000,6) (0.000000,7) (0.000000,8) (0.000000,9) (0.000000,10) (0.000000,11) (0.000000,12) (142085700.958344,13) (-35521425.239586,14) (-284171401.916688,15) (1043198157.375762,16) (142085700.958344,17) (-35521425.239586,18) (0.000000,19) (0.000000,20) (0.000000,21) (0.000000,22) (0.000000,23) (0.000000,24) (_,_) (_,_) (_,_) (_,_) (_,_) (_,_) (_,_) (_,_) (_,_) (_,_) (_,_) (_,_) (_,_) (_,_) (_,_) (_,_) (_,_) (_,_) (_,_) (_,_) (_,_) (_,_) (_,_) (0.000000,0) (0.000000,1) (0.000000,2) (0.000000,3) (0.000000,4) (0.000000,5) (0.000000,6) (0.000000,7) (0.000000,8) (0.000000,9) (0.000000,10) (0.000000,11) (0.000000,12) (0.000000,13) (0.000000,14) (-568342803.833376,15) (142085700.958344,16) (1136685607.666751,17) (0.000000,18) (0.000000,19) (0.000000,20) (0.000000,21) (0.000000,22) (-568342803.833376,23) (-142085700.958344,24) (_,_) (_,_) (_,_) (_,_) (_,_) (_,_) (_,_) (_,_) (_,_) (_,_) (_,_) (_,_) (_,_) (_,_) (_,_) (_,_) (_,_) (_,_) (_,_) (_,_) (_,_) (_,_) (_,_) (0.000000,0) (0.000000,1) (0.000000,2) (0.000000,3) (0.000000,4) (-414966000.000000,5) (0.000000,6) (0.000000,7) (0.000000,8) (0.000000,9) (0.000000,10) (0.000000,11) (0.000000,12) (0.000000,13) (0.000000,14) (142085700.958344,15) (-35521425.239586,16) (0.000000,17) (486008850.479172,18) (0.000000,19) (0.000000,20) (0.000000,21) (0.000000,22) (-142085700.958344,23) (-35521425.239586,24) (_,_) (_,_) (_,_) (_,_) (_,_) (_,_) (_,_) (_,_) (_,_) (_,_) (_,_) (_,_) (_,_) (_,_) (_,_) (_,_) (_,_) (_,_) (_,_) (_,_) (_,_) (_,_) (_,_) (0.000000,0) (0.000000,1) (0.000000,2) (0.000000,3) (0.000000,4) (0.000000,5) (0.000000,6) (0.000000,7) (-318693888.000000,8) (239020416.000000,9) (0.000000,10) (0.000000,11) (0.000000,12) (0.000000,13) (0.000000,14) (0.000000,15) (0.000000,16) (0.000000,17) (0.000000,18) (887036691.833376,19) (-96934715.041656,20) (-568342803.833376,21) (-142085700.958344,22) (0.000000,23) (0.000000,24) (_,_) (_,_) (_,_) (_,_) (_,_) (_,_) (_,_) (_,_) (_,_) (_,_) (_,_) (_,_) (_,_) (_,_) (_,_) (_,_) (_,_) (_,_) (_,_) (_,_) (_,_) (_,_) (_,_) (0.000000,0) (0.000000,1) (0.000000,2) (0.000000,3) (0.000000,4) (0.000000,5) (0.000000,6) (0.000000,7) (239020416.000000,8) (-179265312.000000,9) (0.000000,10) (0.000000,11) (0.000000,12) (0.000000,13) (0.000000,14) (0.000000,15) (0.000000,16) (0.000000,17) (0.000000,18) (-96934715.041656,19) (1044718737.239586,20) (-142085700.958344,21) (-35521425.239586,22) (0.000000,23) (0.000000,24) (_,_) (_,_) (_,_) (_,_) (_,_) (_,_) (_,_) (_,_) (_,_) (_,_) (_,_) (_,_) (_,_) (_,_) (_,_) (_,_) (_,_) (_,_) (_,_) (_,_) (_,_) (_,_) (_,_) (0.000000,0) (0.000000,1) (0.000000,2) (0.000000,3) (0.000000,4) (0.000000,5) (0.000000,6) (0.000000,7) (0.000000,8) (0.000000,9) (0.000000,10) (0.000000,11) (0.000000,12) (0.000000,13) (0.000000,14) (0.000000,15) (0.000000,16) (0.000000,17) (0.000000,18) (-568342803.833376,19) (-142085700.958344,20) (1136685607.666751,21) (284171401.916688,22) (-568342803.833376,23) (-142085700.958344,24) (_,_) (_,_) (_,_) (_,_) (_,_) (_,_) (_,_) (_,_) (_,_) (_,_) (_,_) (_,_) (_,_) (_,_) (_,_) (_,_) (_,_) (_,_) (_,_) (_,_) (_,_) (_,_) (_,_) (0.000000,0) (0.000000,1) (0.000000,2) (0.000000,3) (0.000000,4) (0.000000,5) (0.000000,6) (0.000000,7) (0.000000,8) (-622449000.000000,9) (0.000000,10) (0.000000,11) (0.000000,12) (0.000000,13) (0.000000,14) (0.000000,15) (0.000000,16) (0.000000,17) (0.000000,18) (-142085700.958344,19) (-35521425.239586,20) (284171401.916688,21) (693491850.479172,22) (-142085700.958344,23) (-35521425.239586,24) (_,_) (_,_) (_,_) (_,_) (_,_) (_,_) (_,_) (_,_) (_,_) (_,_) (_,_) (_,_) (_,_) (_,_) (_,_) (_,_) (_,_) (_,_) (_,_) (_,_) (_,_) (_,_) (_,_) (0.000000,0) (0.000000,1) (0.000000,2) (0.000000,3) (-151742754.206909,4) (189678442.758636,5) (0.000000,6) (0.000000,7) (-151742754.206909,8) (-189678442.758636,9) (0.000000,10) (0.000000,11) (0.000000,12) (0.000000,13) (0.000000,14) (0.000000,15) (0.000000,16) (-568342803.833376,17) (-142085700.958344,18) (0.000000,19) (0.000000,20) (-568342803.833376,21) (-142085700.958344,22) (1440171116.080569,23) (284171401.916688,24) (_,_) (_,_) (_,_) (_,_) (_,_) (_,_) (_,_) (_,_) (_,_) (_,_) (_,_) (_,_) (_,_) (_,_) (_,_) (_,_) (_,_) (_,_) (_,_) (_,_) (_,_) (_,_) (_,_) (0.000000,0) (0.000000,1) (0.000000,2) (0.000000,3) (189678442.758636,4) (-237098053.448295,5) (0.000000,6) (-497959200.000000,7) (-189678442.758636,8) (-237098053.448295,9) (0.000000,10) (0.000000,11) (0.000000,12) (0.000000,13) (0.000000,14) (0.000000,15) (0.000000,16) (-142085700.958344,17) (-35521425.239586,18) (0.000000,19) (0.000000,20) (-142085700.958344,21) (-35521425.239586,22) (284171401.916688,23) (1043198157.375762,24) (_,_) 

Outer pointers:
0 48 96 144 192 240 288 336 384 432 480 528 576 624 672 720 768 816 864 912 960 1008 1056 1104 1152  $
Inner non zeros:
25 25 25 25 25 25 25 25 25 25 25 25 25 25 25 25 25 25 25 25 25 25 25 25 25  $

1715334642.206909 49341973.241364 -622449000.000000 0.000000 0.000000 0.000000 0.000000 0.000000 0.000000 0.000000 0.000000 -318693888.000000 -239020416.000000 0.000000 0.000000 -151742754.206909 189678442.758636 0.000000 0.000000 0.000000 0.000000 0.000000 0.000000 0.000000 0.000000 
49341973.241364 1038812365.448295 0.000000 0.000000 0.000000 0.000000 0.000000 0.000000 0.000000 0.000000 0.000000 -239020416.000000 -179265312.000000 0.000000 -622449000.000000 189678442.758636 -237098053.448295 0.000000 0.000000 0.000000 0.000000 0.000000 0.000000 0.000000 0.000000 
-622449000.000000 0.000000 1244898000.000000 0.000000 -622449000.000000 0.000000 0.000000 0.000000 0.000000 0.000000 0.000000 0.000000 0.000000 0.000000 0.000000 0.000000 0.000000 0.000000 0.000000 0.000000 0.000000 0.000000 0.000000 0.000000 0.000000 
0.000000 0.000000 0.000000 497959200.000000 0.000000 0.000000 0.000000 0.000000 0.000000 0.000000 0.000000 0.000000 0.000000 0.000000 0.000000 0.000000 -497959200.000000 0.000000 0.000000 0.000000 0.000000 0.000000 0.000000 0.000000 0.000000 
0.000000 0.000000 -622449000.000000 0.000000 1548383508.413817 0.000000 -622449000.000000 0.000000 0.000000 0.000000 0.000000 0.000000 0.000000 0.000000 0.000000 -151742754.206909 -189678442.758636 0.000000 0.000000 0.000000 0.000000 0.000000 0.000000 -151742754.206909 189678442.758636 
0.000000 0.000000 0.000000 0.000000 0.000000 889162106.896590 0.000000 0.000000 0.000000 0.000000 0.000000 0.000000 0.000000 0.000000 0.000000 -189678442.758636 -237098053.448295 0.000000 -414966000.000000 0.000000 0.000000 0.000000 0.000000 189678442.758636 -237098053.448295 
0.000000 0.000000 0.000000 0.000000 -622449000.000000 0.000000 1244898000.000000 0.000000 -622449000.000000 0.000000 0.000000 0.000000 0.000000 0.000000 0.000000 0.000000 0.000000 0.000000 0.000000 0.000000 0.000000 0.000000 0.000000 0.000000 0.000000 
0.000000 0.000000 0.000000 0.000000 0.000000 0.000000 0.000000 497959200.000000 0.000000 0.000000 0.000000 0.000000 0.000000 0.000000 0.000000 0.000000 0.000000 0.000000 0.000000 0.000000 0.000000 0.000000 0.000000 0.000000 -497959200.000000 
0.000000 0.000000 0.000000 0.000000 0.000000 0.000000 -622449000.000000 0.000000 1715334642.206909 -49341973.241364 -622449000.000000 0.000000 0.000000 0.000000 0.000000 0.000000 0.000000 0.000000 0.000000 -318693888.000000 239020416.000000 0.000000 0.000000 -151742754.206909 -189678442.758636 
0.000000 0.000000 0.000000 0.000000 0.000000 0.000000 0.000000 0.000000 -49341973.241364 1038812365.448295 0.000000 0.000000 0.000000 0.000000 0.000000 0.000000 0.000000 0.000000 0.000000 239020416.000000 -179265312.000000 0.000000 -622449000.000000 -189678442.758636 -237098053.448295 
0.000000 0.000000 0.000000 0.000000 0.000000 0.000000 0.000000 0.000000 -622449000.000000 0.000000 622449000.000000 0.000000 0.000000 0.000000 0.000000 0.000000 0.000000 0.000000 0.000000 0.000000 0.000000 0.000000 0.000000 0.000000 0.000000 
-318693888.000000 -239020416.000000 0.000000 0.000000 0.000000 0.000000 0.000000 0.000000 0.000000 0.000000 0.000000 887036691.833376 96934715.041656 -568342803.833376 142085700.958344 0.000000 0.000000 0.000000 0.000000 0.000000 0.000000 0.000000 0.000000 0.000000 0.000000 
-239020416.000000 -179265312.000000 0.000000 0.000000 0.000000 0.000000 0.000000 0.000000 0.000000 0.000000 0.000000 96934715.041656 1044718737.239586 142085700.958344 -35521425.239586 0.000000 0.000000 0.000000 0.000000 0.000000 0.000000 0.000000 0.000000 0.000000 0.000000 
0.000000 0.000000 0.000000 0.000000 0.000000 0.000000 0.000000 0.000000 0.000000 0.000000 0.000000 -568342803.833376 142085700.958344 1136685607.666751 -284171401.916688 -568342803.833376 142085700.958344 0.000000 0.000000 0.000000 0.000000 0.000000 0.000000 0.000000 0.000000 
0.000000 -622449000.000000 0.000000 0.000000 0.000000 0.000000 0.000000 0.000000 0.000000 0.000000 0.000000 142085700.958344 -35521425.239586 -284171401.916688 693491850.479172 142085700.958344 -35521425.239586 0.000000 0.000000 0.000000 0.000000 0.000000 0.000000 0.000000 0.000000 
-151742754.206909 189678442.758636 0.000000 0.000000 -151742754.206909 -189678442.758636 0.000000 0.000000 0.000000 0.000000 0.000000 0.000000 0.000000 -568342803.833376 142085700.958344 1440171116.080569 -284171401.916688 -568342803.833376 142085700.958344 0.000000 0.000000 0.000000 0.000000 0.000000 0.000000 
189678442.758636 -237098053.448295 0.000000 -497959200.000000 -189678442.758636 -237098053.448295 0.000000 0.000000 0.000000 0.000000 0.000000 0.000000 0.000000 142085700.958344 -35521425.239586 -284171401.916688 1043198157.375762 142085700.958344 -35521425.239586 0.000000 0.000000 0.000000 0.000000 0.000000 0.000000 
0.000000 0.000000 0.000000 0.000000 0.000000 0.000000 0.000000 0.000000 0.000000 0.000000 0.000000 0.000000 0.000000 0.000000 0.000000 -568342803.833376 142085700.958344 1136685607.666751 0.000000 0.000000 0.000000 0.000000 0.000000 -568342803.833376 -142085700.958344 
0.000000 0.000000 0.000000 0.000000 0.000000 -414966000.000000 0.000000 0.000000 0.000000 0.000000 0.000000 0.000000 0.000000 0.000000 0.000000 142085700.958344 -35521425.239586 0.000000 486008850.479172 0.000000 0.000000 0.000000 0.000000 -142085700.958344 -35521425.239586 
0.000000 0.000000 0.000000 0.000000 0.000000 0.000000 0.000000 0.000000 -318693888.000000 239020416.000000 0.000000 0.000000 0.000000 0.000000 0.000000 0.000000 0.000000 0.000000 0.000000 887036691.833376 -96934715.041656 -568342803.833376 -142085700.958344 0.000000 0.000000 
0.000000 0.000000 0.000000 0.000000 0.000000 0.000000 0.000000 0.000000 239020416.000000 -179265312.000000 0.000000 0.000000 0.000000 0.000000 0.000000 0.000000 0.000000 0.000000 0.000000 -96934715.041656 1044718737.239586 -142085700.958344 -35521425.239586 0.000000 0.000000 
0.000000 0.000000 0.000000 0.000000 0.000000 0.000000 0.000000 0.000000 0.000000 0.000000 0.000000 0.000000 0.000000 0.000000 0.000000 0.000000 0.000000 0.000000 0.000000 -568342803.833376 -142085700.958344 1136685607.666751 284171401.916688 -568342803.833376 -142085700.958344 
0.000000 0.000000 0.000000 0.000000 0.000000 0.000000 0.000000 0.000000 0.000000 -622449000.000000 0.000000 0.000000 0.000000 0.000000 0.000000 0.000000 0.000000 0.000000 0.000000 -142085700.958344 -35521425.239586 284171401.916688 693491850.479172 -142085700.958344 -35521425.239586 
0.000000 0.000000 0.000000 0.000000 -151742754.206909 189678442.758636 0.000000 0.000000 -151742754.206909 -189678442.758636 0.000000 0.000000 0.000000 0.000000 0.000000 0.000000 0.000000 -568342803.833376 -142085700.958344 0.000000 0.000000 -568342803.833376 -142085700.958344 1440171116.080569 284171401.916688 
0.000000 0.000000 0.000000 0.000000 189678442.758636 -237098053.448295 0.000000 -497959200.000000 -189678442.758636 -237098053.448295 0.000000 0.000000 0.000000 0.000000 0.000000 0.000000 0.000000 -142085700.958344 -35521425.239586 0.000000 0.000000 -142085700.958344 -35521425.239586 284171401.916688 1043198157.375762 


Reduced Global Force Matrix
Nonzero entries:
(0.000000,0) (10000.000000,1) (0.000000,2) (10000.000000,3) (0.000000,4) (10000.000000,5) (0.000000,6) (10000.000000,7) (0.000000,8) (10000.000000,9) (0.000000,10) (0.000000,11) (0.000000,12) (0.000000,13) (0.000000,14) (0.000000,15) (0.000000,16) (0.000000,17) (0.000000,18) (0.000000,19) (0.000000,20) (0.000000,21) (0.000000,22) (0.000000,23) (0.000000,24) (_,_) (_,_) (_,_) (_,_) (_,_) (_,_) (_,_) (_,_) (_,_) (_,_) (_,_) (_,_) (_,_) (_,_) (_,_) (_,_) (_,_) (_,_) (_,_) (_,_) (_,_) (_,_) (_,_) (_,_) (_,_) 

Outer pointers:
0  $
Inner non zeros:
25  $

0.000000
10000.000000
0.000000
10000.000000
0.000000
10000.000000
0.000000
10000.000000
0.000000
10000.000000
0.000000
0.000000
0.000000
0.000000
0.000000
0.000000
0.000000
0.000000
0.000000
0.000000
0.000000
0.000000
0.000000
0.000000
0.000000


Reduced Global Displacement Matrix
Nonzero entries:
