Member (0 -> 1)
 2.1   -0 -2.1    0
  -0    0    0   -0
-2.1    0  2.1   -0
   0   -0   -0    0

Member (1 -> 2)
    524999    -909326    -524999     909326
   -909326  1.575e+06     909326 -1.575e+06
   -524999     909326     524999    -909326
    909326 -1.575e+06    -909326  1.575e+06

Member (2 -> 0)
    524999     909326    -524999    -909326
    909326  1.575e+06    -909326 -1.575e+06
   -524999    -909326     524999     909326
   -909326 -1.575e+06     909326  1.575e+06

Global Stiffness Matrix
      525002       909326         -2.1            0       909326      -524999
      909326    1.575e+06            0            0    1.575e+06      -909326
        -2.1            0       525002      -909326      -909326      -524999
           0            0      -909326    1.575e+06    1.575e+06       909326
      909326    1.575e+06      -909326    1.575e+06     3.15e+06 -2.32831e-10
     -524999      -909326      -524999       909326 -2.32831e-10     1.05e+06

Global Support Inclination Matrix
          1          -0           0           0           0           0
          0           1           0           0           0           0
          0           0           1          -0           0           0
          0           0           0           1           0           0
          0           0           0           0 6.12323e-17           1
          0           0           0           0          -1 6.12323e-17

Global Force Matrix
       0.000000
       0.000000
       0.000000
       0.000000
-1000000.000000
       0.000000

Reduced Global Stiffness Matrix
Nonzero entries:
(525001.556958,0) (-2.100000,1) (909326.360448,2) (-2.100000,0) (525001.556958,1) (-909326.360448,2) (909326.360448,0) (-909326.360448,1) (3150001.086085,2) (_,_) 

Outer pointers:
0 3 6  $
Inner non zeros:
3 3 3  $

525001.556958 -2.100000 909326.360448 
-2.100000 525001.556958 -909326.360448 
909326.360448 -909326.360448 3150001.086085 


Reduced Global Force Matrix
Nonzero entries:
(0.000000,0) (0.000000,1) (-1000000.000000,2) (_,_) (_,_) (_,_) 

Outer pointers:
0  $
Inner non zeros:
3  $

0.000000
0.000000
-1000000.000000


Reduced Global Displacement Matrix
Nonzero entries:
(68732.127507,0) (-68732.127507,1) (-39682.802414,2) 

Outer pointers:
0  $

68732.127507
-68732.127507
-39682.802414


Global Displacement Matrix
 68732.127507
     0.000000
-68732.127507
     0.000000
-39682.802414
     0.000000

Global Resultant Matrix
     -0.000015
-500000.000008
      0.000015
-500000.000008
     -0.000015
      0.000009

Global Displacement Matrix - Settlement Transformed
 68732.127507
     0.000000
-68732.127507
     0.000000
    -0.000000
 39682.802414

Global Resultant Matrix - Settlement Transformed
     -0.000015
-500000.000008
      0.000015
-500000.000008
      0.000009
      0.000015

