Member (0 -> 12)
 1.2449e+09           0 -1.2449e+09          -0
          0           0          -0          -0
-1.2449e+09          -0  1.2449e+09           0
         -0          -0           0           0

Member (15 -> 18)
 8.84685e+08 -4.71124e+08 -8.84685e+08  4.71124e+08
-4.71124e+08   2.5089e+08  4.71124e+08  -2.5089e+08
-8.84685e+08  4.71124e+08  8.84685e+08 -4.71124e+08
 4.71124e+08  -2.5089e+08 -4.71124e+08   2.5089e+08

Member (22 -> 3)
 7.22285e+08 -8.13364e+08 -7.22285e+08  8.13364e+08
-8.13364e+08  9.15928e+08  8.13364e+08 -9.15928e+08
-7.22285e+08  8.13364e+08  7.22285e+08 -8.13364e+08
 8.13364e+08 -9.15928e+08 -8.13364e+08  9.15928e+08

Member (18 -> 17)
 1.00705e+09 -3.59752e+08 -1.00705e+09  3.59752e+08
-3.59752e+08  1.28515e+08  3.59752e+08 -1.28515e+08
-1.00705e+09  3.59752e+08  1.00705e+09 -3.59752e+08
 3.59752e+08 -1.28515e+08 -3.59752e+08  1.28515e+08

Member (4 -> 1)
          0          -0          -0           0
         -0  2.4898e+09           0 -2.4898e+09
         -0           0           0          -0
          0 -2.4898e+09          -0  2.4898e+09

Member (17 -> 22)
 1.18102e+09 -2.42382e+08 -1.18102e+09  2.42382e+08
-2.42382e+08  4.97444e+07  2.42382e+08 -4.97444e+07
-1.18102e+09  2.42382e+08  1.18102e+09 -2.42382e+08
 2.42382e+08 -4.97444e+07 -2.42382e+08  4.97444e+07

Member (22 -> 4)
 1.22518e+09 -8.28102e+07 -1.22518e+09  8.28102e+07
-8.28102e+07  5.59716e+06  8.28102e+07 -5.59716e+06
-1.22518e+09  8.28102e+07  1.22518e+09 -8.28102e+07
 8.28102e+07 -5.59716e+06 -8.28102e+07  5.59716e+06

Member (1 -> 3)
 2.46716e+09            0 -2.46716e+09           -0
           0            0           -0           -0
-2.46716e+09           -0  2.46716e+09            0
          -0           -0            0            0

Member (3 -> 4)
 8.84249e+08  8.76211e+08 -8.84249e+08 -8.76211e+08
 8.76211e+08  8.68246e+08 -8.76211e+08 -8.68246e+08
-8.84249e+08 -8.76211e+08  8.84249e+08  8.76211e+08
-8.76211e+08 -8.68246e+08  8.76211e+08  8.68246e+08

Member (3 -> 14)
 1.24489e+09            0 -1.24489e+09           -0
           0            0           -0           -0
-1.24489e+09           -0  1.24489e+09            0
          -0           -0            0            0

Member (17 -> 14)
 3.96347e+08 -6.17276e+08 -3.96347e+08  6.17276e+08
-6.17276e+08  9.61355e+08  6.17276e+08 -9.61355e+08
-3.96347e+08  6.17276e+08  3.96347e+08 -6.17276e+08
 6.17276e+08 -9.61355e+08 -6.17276e+08  9.61355e+08

Member (14 -> 22)
 7.13198e+08  8.17985e+08 -7.13198e+08 -8.17985e+08
 8.17985e+08  9.38169e+08 -8.17985e+08 -9.38169e+08
-7.13198e+08 -8.17985e+08  7.13198e+08  8.17985e+08
-8.17985e+08 -9.38169e+08  8.17985e+08  9.38169e+08

Member (14 -> 13)
 1.23062e+09            0 -1.23062e+09           -0
           0            0           -0           -0
-1.23062e+09           -0  1.23062e+09            0
          -0           -0            0            0

Member (18 -> 13)
 1.69124e+08 -3.73625e+08 -1.69124e+08  3.73625e+08
-3.73625e+08  8.25406e+08  3.73625e+08 -8.25406e+08
-1.69124e+08  3.73625e+08  1.69124e+08 -3.73625e+08
 3.73625e+08 -8.25406e+08 -3.73625e+08  8.25406e+08

Member (13 -> 17)
 4.14646e+08  6.19778e+08 -4.14646e+08 -6.19778e+08
 6.19778e+08  9.26395e+08 -6.19778e+08 -9.26395e+08
-4.14646e+08 -6.19778e+08  4.14646e+08  6.19778e+08
-6.19778e+08 -9.26395e+08  6.19778e+08  9.26395e+08

Member (19 -> 23)
 6.29476e+08  5.15575e+08 -6.29476e+08 -5.15575e+08
 5.15575e+08  4.22284e+08 -5.15575e+08 -4.22284e+08
-6.29476e+08 -5.15575e+08  6.29476e+08  5.15575e+08
-5.15575e+08 -4.22284e+08  5.15575e+08  4.22284e+08

Member (0 -> 24)
           0           -0           -0            0
          -0  1.42274e+09            0 -1.42274e+09
          -0            0            0           -0
           0 -1.42274e+09           -0  1.42274e+09

Member (24 -> 23)
           0           -0           -0            0
          -0  1.42274e+09            0 -1.42274e+09
          -0            0            0           -0
           0 -1.42274e+09           -0  1.42274e+09

Member (0 -> 25)
 8.37465e+08 -9.14582e+08 -8.37465e+08  9.14582e+08
-9.14582e+08  9.98801e+08  9.14582e+08 -9.98801e+08
-8.37465e+08  9.14582e+08  8.37465e+08 -9.14582e+08
 9.14582e+08 -9.98801e+08 -9.14582e+08  9.98801e+08

Member (25 -> 19)
 8.37476e+08 -9.14575e+08 -8.37476e+08  9.14575e+08
-9.14575e+08  9.98771e+08  9.14575e+08 -9.98771e+08
-8.37476e+08  9.14575e+08  8.37476e+08 -9.14575e+08
 9.14575e+08 -9.98771e+08 -9.14575e+08  9.98771e+08

Member (24 -> 25)
 1.25895e+09  1.03116e+09 -1.25895e+09 -1.03116e+09
 1.03116e+09  8.44585e+08 -1.03116e+09 -8.44585e+08
-1.25895e+09 -1.03116e+09  1.25895e+09  1.03116e+09
-1.03116e+09 -8.44585e+08  1.03116e+09  8.44585e+08

Member (24 -> 19)
 1.32238e+09 -1.80517e+08 -1.32238e+09  1.80517e+08
-1.80517e+08  2.46423e+07  1.80517e+08 -2.46423e+07
-1.32238e+09  1.80517e+08  1.32238e+09 -1.80517e+08
 1.80517e+08 -2.46423e+07 -1.80517e+08  2.46423e+07

Member (13 -> 11)
 1.2449e+09           0 -1.2449e+09          -0
          0           0          -0          -0
-1.2449e+09          -0  1.2449e+09           0
         -0          -0           0           0

Member (18 -> 11)
 1.53299e+08   3.6133e+08 -1.53299e+08  -3.6133e+08
  3.6133e+08  8.51669e+08  -3.6133e+08 -8.51669e+08
-1.53299e+08  -3.6133e+08  1.53299e+08   3.6133e+08
 -3.6133e+08 -8.51669e+08   3.6133e+08  8.51669e+08

Member (11 -> 15)
 5.67806e+07 -1.94309e+08 -5.67806e+07  1.94309e+08
-1.94309e+08  6.64946e+08  1.94309e+08 -6.64946e+08
-5.67806e+07  1.94309e+08  5.67806e+07 -1.94309e+08
 1.94309e+08 -6.64946e+08 -1.94309e+08  6.64946e+08

Member (23 -> 29)
           0           -0           -0            0
          -0  1.42274e+09            0 -1.42274e+09
          -0            0            0           -0
           0 -1.42274e+09           -0  1.42274e+09

Member (29 -> 5)
           0           -0           -0            0
          -0  1.42274e+09            0 -1.42274e+09
          -0            0            0           -0
           0 -1.42274e+09           -0  1.42274e+09

Member (5 -> 10)
 1.50361e+09           -0 -1.50361e+09            0
          -0            0            0           -0
-1.50361e+09            0  1.50361e+09           -0
           0           -0           -0            0

Member (10 -> 20)
 1.50363e+09           -0 -1.50363e+09            0
          -0            0            0           -0
-1.50363e+09            0  1.50363e+09           -0
           0           -0           -0            0

Member (20 -> 11)
 1.50361e+09           -0 -1.50361e+09            0
          -0            0            0           -0
-1.50361e+09            0  1.50361e+09           -0
           0           -0           -0            0

Member (19 -> 2)
 1.12782e+09 -8.78242e+08 -1.12782e+09  8.78242e+08
-8.78242e+08  6.83893e+08  8.78242e+08 -6.83893e+08
-1.12782e+09  8.78242e+08  1.12782e+09 -8.78242e+08
 8.78242e+08 -6.83893e+08 -8.78242e+08  6.83893e+08

Member (2 -> 15)
 1.12782e+09 -8.78228e+08 -1.12782e+09  8.78228e+08
-8.78228e+08  6.83869e+08  8.78228e+08 -6.83869e+08
-1.12782e+09  8.78228e+08  1.12782e+09 -8.78228e+08
 8.78228e+08 -6.83869e+08 -8.78228e+08  6.83869e+08

Member (29 -> 9)
 7.83793e+08  6.46686e+08 -7.83793e+08 -6.46686e+08
 6.46686e+08  5.33563e+08 -6.46686e+08 -5.33563e+08
-7.83793e+08 -6.46686e+08  7.83793e+08  6.46686e+08
-6.46686e+08 -5.33563e+08  6.46686e+08  5.33563e+08

Member (9 -> 2)
 7.83793e+08  6.46686e+08 -7.83793e+08 -6.46686e+08
 6.46686e+08  5.33563e+08 -6.46686e+08 -5.33563e+08
-7.83793e+08 -6.46686e+08  7.83793e+08  6.46686e+08
-6.46686e+08 -5.33563e+08  6.46686e+08  5.33563e+08

Member (23 -> 9)
 1.40151e+09 -5.26034e+08 -1.40151e+09  5.26034e+08
-5.26034e+08  1.97438e+08  5.26034e+08 -1.97438e+08
-1.40151e+09  5.26034e+08  1.40151e+09 -5.26034e+08
 5.26034e+08 -1.97438e+08 -5.26034e+08  1.97438e+08

Member (9 -> 19)
 3.85511e+07  2.11278e+08 -3.85511e+07 -2.11278e+08
 2.11278e+08   1.1579e+09 -2.11278e+08  -1.1579e+09
-3.85511e+07 -2.11278e+08  3.85511e+07  2.11278e+08
-2.11278e+08  -1.1579e+09  2.11278e+08   1.1579e+09

Member (15 -> 26)
 5.69011e+08  4.71041e+08 -5.69011e+08 -4.71041e+08
 4.71041e+08  3.89939e+08 -4.71041e+08 -3.89939e+08
-5.69011e+08 -4.71041e+08  5.69011e+08  4.71041e+08
-4.71041e+08 -3.89939e+08  4.71041e+08  3.89939e+08

Member (26 -> 5)
 5.69011e+08  4.71041e+08 -5.69011e+08 -4.71041e+08
 4.71041e+08  3.89939e+08 -4.71041e+08 -3.89939e+08
-5.69011e+08 -4.71041e+08  5.69011e+08  4.71041e+08
-4.71041e+08 -3.89939e+08  4.71041e+08  3.89939e+08

Member (29 -> 26)
 1.24075e+09 -5.85338e+07 -1.24075e+09  5.85338e+07
-5.85338e+07  2.76139e+06  5.85338e+07 -2.76139e+06
-1.24075e+09  5.85338e+07  1.24075e+09 -5.85338e+07
 5.85338e+07 -2.76139e+06 -5.85338e+07  2.76139e+06

Member (26 -> 2)
 1.10617e+08  3.02008e+08 -1.10617e+08 -3.02008e+08
 3.02008e+08  8.24546e+08 -3.02008e+08 -8.24546e+08
-1.10617e+08 -3.02008e+08  1.10617e+08  3.02008e+08
-3.02008e+08 -8.24546e+08  3.02008e+08  8.24546e+08

Member (26 -> 10)
 6.09717e+07   2.9335e+08 -6.09717e+07  -2.9335e+08
  2.9335e+08  1.41138e+09  -2.9335e+08 -1.41138e+09
-6.09717e+07  -2.9335e+08  6.09717e+07   2.9335e+08
 -2.9335e+08 -1.41138e+09   2.9335e+08  1.41138e+09

Member (26 -> 20)
 4.54558e+08 -5.73733e+08 -4.54558e+08  5.73733e+08
-5.73733e+08  7.24152e+08  5.73733e+08 -7.24152e+08
-4.54558e+08  5.73733e+08  4.54558e+08 -5.73733e+08
 5.73733e+08 -7.24152e+08 -5.73733e+08  7.24152e+08

Member (26 -> 9)
 2.63354e+08 -6.30102e+08 -2.63354e+08  6.30102e+08
-6.30102e+08  1.50759e+09  6.30102e+08 -1.50759e+09
-2.63354e+08  6.30102e+08  2.63354e+08 -6.30102e+08
 6.30102e+08 -1.50759e+09 -6.30102e+08  1.50759e+09

Member (15 -> 27)
 6.09717e+07   2.9335e+08 -6.09717e+07  -2.9335e+08
  2.9335e+08  1.41138e+09  -2.9335e+08 -1.41138e+09
-6.09717e+07  -2.9335e+08  6.09717e+07   2.9335e+08
 -2.9335e+08 -1.41138e+09   2.9335e+08  1.41138e+09

Member (27 -> 20)
 6.09784e+07  2.93365e+08 -6.09784e+07 -2.93365e+08
 2.93365e+08  1.41137e+09 -2.93365e+08 -1.41137e+09
-6.09784e+07 -2.93365e+08  6.09784e+07  2.93365e+08
-2.93365e+08 -1.41137e+09  2.93365e+08  1.41137e+09

Member (26 -> 27)
 1.50361e+09           -0 -1.50361e+09            0
          -0            0            0           -0
-1.50361e+09            0  1.50361e+09           -0
           0           -0           -0            0

Member (27 -> 11)
 4.54558e+08 -5.73733e+08 -4.54558e+08  5.73733e+08
-5.73733e+08  7.24152e+08  5.73733e+08 -7.24152e+08
-4.54558e+08  5.73733e+08  4.54558e+08 -5.73733e+08
 5.73733e+08 -7.24152e+08 -5.73733e+08  7.24152e+08

Member (12 -> 6)
           0           -0           -0            0
          -0  1.42274e+09            0 -1.42274e+09
          -0            0            0           -0
           0 -1.42274e+09           -0  1.42274e+09

Member (6 -> 7)
           0           -0           -0            0
          -0  1.42274e+09            0 -1.42274e+09
          -0            0            0           -0
           0 -1.42274e+09           -0  1.42274e+09

Member (7 -> 8)
           0           -0           -0            0
          -0  1.42274e+09            0 -1.42274e+09
          -0            0            0           -0
           0 -1.42274e+09           -0  1.42274e+09

Member (8 -> 16)
           0           -0           -0            0
          -0  1.42274e+09            0 -1.42274e+09
          -0            0            0           -0
           0 -1.42274e+09           -0  1.42274e+09

Member (6 -> 21)
 2.4898e+09          -0 -2.4898e+09           0
         -0           0           0          -0
-2.4898e+09           0  2.4898e+09          -0
          0          -0          -0           0

Member (21 -> 24)
 2.4898e+09          -0 -2.4898e+09           0
         -0           0           0          -0
-2.4898e+09           0  2.4898e+09          -0
          0          -0          -0           0

Member (7 -> 28)
 2.4898e+09          -0 -2.4898e+09           0
         -0           0           0          -0
-2.4898e+09           0  2.4898e+09          -0
          0          -0          -0           0

Member (28 -> 23)
 2.4898e+09          -0 -2.4898e+09           0
         -0           0           0          -0
-2.4898e+09           0  2.4898e+09          -0
          0          -0          -0           0

Member (8 -> 30)
 2.4898e+09          -0 -2.4898e+09           0
         -0           0           0          -0
-2.4898e+09           0  2.4898e+09          -0
          0          -0          -0           0

Member (30 -> 29)
 2.4898e+09          -0 -2.4898e+09           0
         -0           0           0          -0
-2.4898e+09           0  2.4898e+09          -0
          0          -0          -0           0

Member (16 -> 31)
 2.4898e+09          -0 -2.4898e+09           0
         -0           0           0          -0
-2.4898e+09           0  2.4898e+09          -0
          0          -0          -0           0

Member (31 -> 5)
 2.4898e+09          -0 -2.4898e+09           0
         -0           0           0          -0
-2.4898e+09           0  2.4898e+09          -0
          0          -0          -0           0

Member (8 -> 31)
  3.0407e+08 -5.32123e+08  -3.0407e+08  5.32123e+08
-5.32123e+08  9.31215e+08  5.32123e+08 -9.31215e+08
 -3.0407e+08  5.32123e+08   3.0407e+08 -5.32123e+08
 5.32123e+08 -9.31215e+08 -5.32123e+08  9.31215e+08

Member (31 -> 29)
  3.0407e+08  5.32123e+08  -3.0407e+08 -5.32123e+08
 5.32123e+08  9.31215e+08 -5.32123e+08 -9.31215e+08
 -3.0407e+08 -5.32123e+08   3.0407e+08  5.32123e+08
-5.32123e+08 -9.31215e+08  5.32123e+08  9.31215e+08

Member (7 -> 30)
  3.0407e+08 -5.32123e+08  -3.0407e+08  5.32123e+08
-5.32123e+08  9.31215e+08  5.32123e+08 -9.31215e+08
 -3.0407e+08  5.32123e+08   3.0407e+08 -5.32123e+08
 5.32123e+08 -9.31215e+08 -5.32123e+08  9.31215e+08

Member (30 -> 23)
  3.0407e+08  5.32123e+08  -3.0407e+08 -5.32123e+08
 5.32123e+08  9.31215e+08 -5.32123e+08 -9.31215e+08
 -3.0407e+08 -5.32123e+08   3.0407e+08  5.32123e+08
-5.32123e+08 -9.31215e+08  5.32123e+08  9.31215e+08

Member (6 -> 28)
  3.0407e+08 -5.32123e+08  -3.0407e+08  5.32123e+08
-5.32123e+08  9.31215e+08  5.32123e+08 -9.31215e+08
 -3.0407e+08  5.32123e+08   3.0407e+08 -5.32123e+08
 5.32123e+08 -9.31215e+08 -5.32123e+08  9.31215e+08

Member (28 -> 24)
  3.0407e+08  5.32123e+08  -3.0407e+08 -5.32123e+08
 5.32123e+08  9.31215e+08 -5.32123e+08 -9.31215e+08
 -3.0407e+08 -5.32123e+08   3.0407e+08  5.32123e+08
-5.32123e+08 -9.31215e+08  5.32123e+08  9.31215e+08

Member (12 -> 21)
  3.0407e+08 -5.32123e+08  -3.0407e+08  5.32123e+08
-5.32123e+08  9.31215e+08  5.32123e+08 -9.31215e+08
 -3.0407e+08  5.32123e+08   3.0407e+08 -5.32123e+08
 5.32123e+08 -9.31215e+08 -5.32123e+08  9.31215e+08

Member (21 -> 0)
  3.0407e+08  5.32123e+08  -3.0407e+08 -5.32123e+08
 5.32123e+08  9.31215e+08 -5.32123e+08 -9.31215e+08
 -3.0407e+08 -5.32123e+08   3.0407e+08  5.32123e+08
-5.32123e+08 -9.31215e+08  5.32123e+08  9.31215e+08

Member (32 -> 33)
 8.84685e+08  4.71124e+08 -8.84685e+08 -4.71124e+08
 4.71124e+08   2.5089e+08 -4.71124e+08  -2.5089e+08
-8.84685e+08 -4.71124e+08  8.84685e+08  4.71124e+08
-4.71124e+08  -2.5089e+08  4.71124e+08   2.5089e+08

Member (33 -> 34)
 1.00705e+09  3.59752e+08 -1.00705e+09 -3.59752e+08
 3.59752e+08  1.28515e+08 -3.59752e+08 -1.28515e+08
-1.00705e+09 -3.59752e+08  1.00705e+09  3.59752e+08
-3.59752e+08 -1.28515e+08  3.59752e+08  1.28515e+08

Member (34 -> 35)
 1.18105e+09  2.42396e+08 -1.18105e+09 -2.42396e+08
 2.42396e+08  4.97487e+07 -2.42396e+08 -4.97487e+07
-1.18105e+09 -2.42396e+08  1.18105e+09  2.42396e+08
-2.42396e+08 -4.97487e+07  2.42396e+08  4.97487e+07

Member (35 -> 36)
 1.22514e+09  8.28053e+07 -1.22514e+09 -8.28053e+07
 8.28053e+07  5.59666e+06 -8.28053e+07 -5.59666e+06
-1.22514e+09 -8.28053e+07  1.22514e+09  8.28053e+07
-8.28053e+07 -5.59666e+06  8.28053e+07  5.59666e+06

Member (36 -> 37)
          0          -0          -0           0
         -0  2.4898e+09           0 -2.4898e+09
         -0           0           0          -0
          0 -2.4898e+09          -0  2.4898e+09

Member (37 -> 38)
 2.4671e+09          -0 -2.4671e+09           0
         -0           0           0          -0
-2.4671e+09           0  2.4671e+09          -0
          0          -0          -0           0

Member (35 -> 38)
 7.22302e+08  8.13355e+08 -7.22302e+08 -8.13355e+08
 8.13355e+08  9.15886e+08 -8.13355e+08 -9.15886e+08
-7.22302e+08 -8.13355e+08  7.22302e+08  8.13355e+08
-8.13355e+08 -9.15886e+08  8.13355e+08  9.15886e+08

Member (38 -> 36)
  8.8426e+08   -8.762e+08  -8.8426e+08    8.762e+08
  -8.762e+08  8.68213e+08    8.762e+08 -8.68213e+08
 -8.8426e+08    8.762e+08   8.8426e+08   -8.762e+08
   8.762e+08 -8.68213e+08   -8.762e+08  8.68213e+08

Member (38 -> 39)
 1.2449e+09          -0 -1.2449e+09           0
         -0           0           0          -0
-1.2449e+09           0  1.2449e+09          -0
          0          -0          -0           0

Member (34 -> 39)
 3.96338e+08  6.17275e+08 -3.96338e+08 -6.17275e+08
 6.17275e+08  9.61371e+08 -6.17275e+08 -9.61371e+08
-3.96338e+08 -6.17275e+08  3.96338e+08  6.17275e+08
-6.17275e+08 -9.61371e+08  6.17275e+08  9.61371e+08

Member (39 -> 35)
 7.13177e+08 -8.17995e+08 -7.13177e+08  8.17995e+08
-8.17995e+08  9.38219e+08  8.17995e+08 -9.38219e+08
-7.13177e+08  8.17995e+08  7.13177e+08 -8.17995e+08
 8.17995e+08 -9.38219e+08 -8.17995e+08  9.38219e+08

Member (39 -> 40)
 1.23062e+09           -0 -1.23062e+09            0
          -0            0            0           -0
-1.23062e+09            0  1.23062e+09           -0
           0           -0           -0            0

Member (33 -> 40)
 1.69119e+08  3.73621e+08 -1.69119e+08 -3.73621e+08
 3.73621e+08  8.25414e+08 -3.73621e+08 -8.25414e+08
-1.69119e+08 -3.73621e+08  1.69119e+08  3.73621e+08
-3.73621e+08 -8.25414e+08  3.73621e+08  8.25414e+08

Member (40 -> 34)
 4.14654e+08 -6.19779e+08 -4.14654e+08  6.19779e+08
-6.19779e+08  9.26378e+08  6.19779e+08 -9.26378e+08
-4.14654e+08  6.19779e+08  4.14654e+08 -6.19779e+08
 6.19779e+08 -9.26378e+08 -6.19779e+08  9.26378e+08

Member (41 -> 7)
 6.29476e+08 -5.15575e+08 -6.29476e+08  5.15575e+08
-5.15575e+08  4.22284e+08  5.15575e+08 -4.22284e+08
-6.29476e+08  5.15575e+08  6.29476e+08 -5.15575e+08
 5.15575e+08 -4.22284e+08 -5.15575e+08  4.22284e+08

Member (12 -> 42)
 8.37465e+08  9.14582e+08 -8.37465e+08 -9.14582e+08
 9.14582e+08  9.98801e+08 -9.14582e+08 -9.98801e+08
-8.37465e+08 -9.14582e+08  8.37465e+08  9.14582e+08
-9.14582e+08 -9.98801e+08  9.14582e+08  9.98801e+08

Member (42 -> 41)
 8.37476e+08  9.14575e+08 -8.37476e+08 -9.14575e+08
 9.14575e+08  9.98771e+08 -9.14575e+08 -9.98771e+08
-8.37476e+08 -9.14575e+08  8.37476e+08  9.14575e+08
-9.14575e+08 -9.98771e+08  9.14575e+08  9.98771e+08

Member (6 -> 42)
 1.25895e+09 -1.03116e+09 -1.25895e+09  1.03116e+09
-1.03116e+09  8.44585e+08  1.03116e+09 -8.44585e+08
-1.25895e+09  1.03116e+09  1.25895e+09 -1.03116e+09
 1.03116e+09 -8.44585e+08 -1.03116e+09  8.44585e+08

Member (6 -> 41)
 1.32238e+09  1.80517e+08 -1.32238e+09 -1.80517e+08
 1.80517e+08  2.46423e+07 -1.80517e+08 -2.46423e+07
-1.32238e+09 -1.80517e+08  1.32238e+09  1.80517e+08
-1.80517e+08 -2.46423e+07  1.80517e+08  2.46423e+07

Member (40 -> 43)
 1.24491e+09           -0 -1.24491e+09            0
          -0            0            0           -0
-1.24491e+09            0  1.24491e+09           -0
           0           -0           -0            0

Member (33 -> 43)
 1.53298e+08  -3.6133e+08 -1.53298e+08   3.6133e+08
 -3.6133e+08  8.51669e+08   3.6133e+08 -8.51669e+08
-1.53298e+08   3.6133e+08  1.53298e+08  -3.6133e+08
  3.6133e+08 -8.51669e+08  -3.6133e+08  8.51669e+08

Member (43 -> 32)
 5.67807e+07  1.94309e+08 -5.67807e+07 -1.94309e+08
 1.94309e+08  6.64946e+08 -1.94309e+08 -6.64946e+08
-5.67807e+07 -1.94309e+08  5.67807e+07  1.94309e+08
-1.94309e+08 -6.64946e+08  1.94309e+08  6.64946e+08

Member (16 -> 44)
 1.50361e+09            0 -1.50361e+09           -0
           0            0           -0           -0
-1.50361e+09           -0  1.50361e+09            0
          -0           -0            0            0

Member (44 -> 45)
 1.50363e+09            0 -1.50363e+09           -0
           0            0           -0           -0
-1.50363e+09           -0  1.50363e+09            0
          -0           -0            0            0

Member (45 -> 43)
 1.50361e+09            0 -1.50361e+09           -0
           0            0           -0           -0
-1.50361e+09           -0  1.50361e+09            0
          -0           -0            0            0

Member (41 -> 46)
 1.12782e+09  8.78242e+08 -1.12782e+09 -8.78242e+08
 8.78242e+08  6.83893e+08 -8.78242e+08 -6.83893e+08
-1.12782e+09 -8.78242e+08  1.12782e+09  8.78242e+08
-8.78242e+08 -6.83893e+08  8.78242e+08  6.83893e+08

Member (46 -> 32)
 1.12782e+09  8.78228e+08 -1.12782e+09 -8.78228e+08
 8.78228e+08  6.83869e+08 -8.78228e+08 -6.83869e+08
-1.12782e+09 -8.78228e+08  1.12782e+09  8.78228e+08
-8.78228e+08 -6.83869e+08  8.78228e+08  6.83869e+08

Member (8 -> 47)
 7.83793e+08 -6.46686e+08 -7.83793e+08  6.46686e+08
-6.46686e+08  5.33563e+08  6.46686e+08 -5.33563e+08
-7.83793e+08  6.46686e+08  7.83793e+08 -6.46686e+08
 6.46686e+08 -5.33563e+08 -6.46686e+08  5.33563e+08

Member (47 -> 46)
 7.83793e+08 -6.46686e+08 -7.83793e+08  6.46686e+08
-6.46686e+08  5.33563e+08  6.46686e+08 -5.33563e+08
-7.83793e+08  6.46686e+08  7.83793e+08 -6.46686e+08
 6.46686e+08 -5.33563e+08 -6.46686e+08  5.33563e+08

Member (7 -> 47)
 1.40151e+09  5.26034e+08 -1.40151e+09 -5.26034e+08
 5.26034e+08  1.97438e+08 -5.26034e+08 -1.97438e+08
-1.40151e+09 -5.26034e+08  1.40151e+09  5.26034e+08
-5.26034e+08 -1.97438e+08  5.26034e+08  1.97438e+08

Member (47 -> 41)
 3.85511e+07 -2.11278e+08 -3.85511e+07  2.11278e+08
-2.11278e+08   1.1579e+09  2.11278e+08  -1.1579e+09
-3.85511e+07  2.11278e+08  3.85511e+07 -2.11278e+08
 2.11278e+08  -1.1579e+09 -2.11278e+08   1.1579e+09

Member (32 -> 48)
 5.69011e+08 -4.71041e+08 -5.69011e+08  4.71041e+08
-4.71041e+08  3.89939e+08  4.71041e+08 -3.89939e+08
-5.69011e+08  4.71041e+08  5.69011e+08 -4.71041e+08
 4.71041e+08 -3.89939e+08 -4.71041e+08  3.89939e+08

Member (48 -> 16)
 5.69011e+08 -4.71041e+08 -5.69011e+08  4.71041e+08
-4.71041e+08  3.89939e+08  4.71041e+08 -3.89939e+08
-5.69011e+08  4.71041e+08  5.69011e+08 -4.71041e+08
 4.71041e+08 -3.89939e+08 -4.71041e+08  3.89939e+08

Member (8 -> 48)
 1.24075e+09  5.85338e+07 -1.24075e+09 -5.85338e+07
 5.85338e+07  2.76139e+06 -5.85338e+07 -2.76139e+06
-1.24075e+09 -5.85338e+07  1.24075e+09  5.85338e+07
-5.85338e+07 -2.76139e+06  5.85338e+07  2.76139e+06

Member (48 -> 46)
 1.10617e+08 -3.02008e+08 -1.10617e+08  3.02008e+08
-3.02008e+08  8.24546e+08  3.02008e+08 -8.24546e+08
-1.10617e+08  3.02008e+08  1.10617e+08 -3.02008e+08
 3.02008e+08 -8.24546e+08 -3.02008e+08  8.24546e+08

Member (48 -> 44)
 6.09717e+07  -2.9335e+08 -6.09717e+07   2.9335e+08
 -2.9335e+08  1.41138e+09   2.9335e+08 -1.41138e+09
-6.09717e+07   2.9335e+08  6.09717e+07  -2.9335e+08
  2.9335e+08 -1.41138e+09  -2.9335e+08  1.41138e+09

Member (48 -> 45)
 4.54558e+08  5.73733e+08 -4.54558e+08 -5.73733e+08
 5.73733e+08  7.24152e+08 -5.73733e+08 -7.24152e+08
-4.54558e+08 -5.73733e+08  4.54558e+08  5.73733e+08
-5.73733e+08 -7.24152e+08  5.73733e+08  7.24152e+08

Member (48 -> 47)
 2.63354e+08  6.30102e+08 -2.63354e+08 -6.30102e+08
 6.30102e+08  1.50759e+09 -6.30102e+08 -1.50759e+09
-2.63354e+08 -6.30102e+08  2.63354e+08  6.30102e+08
-6.30102e+08 -1.50759e+09  6.30102e+08  1.50759e+09

Member (32 -> 49)
 6.09717e+07  -2.9335e+08 -6.09717e+07   2.9335e+08
 -2.9335e+08  1.41138e+09   2.9335e+08 -1.41138e+09
-6.09717e+07   2.9335e+08  6.09717e+07  -2.9335e+08
  2.9335e+08 -1.41138e+09  -2.9335e+08  1.41138e+09

Member (49 -> 45)
  6.0978e+07 -2.93364e+08  -6.0978e+07  2.93364e+08
-2.93364e+08  1.41137e+09  2.93364e+08 -1.41137e+09
 -6.0978e+07  2.93364e+08   6.0978e+07 -2.93364e+08
 2.93364e+08 -1.41137e+09 -2.93364e+08  1.41137e+09

Member (48 -> 49)
 1.50361e+09            0 -1.50361e+09           -0
           0            0           -0           -0
-1.50361e+09           -0  1.50361e+09            0
          -0           -0            0            0

Member (49 -> 43)
 4.54558e+08  5.73733e+08 -4.54558e+08 -5.73733e+08
 5.73733e+08  7.24152e+08 -5.73733e+08 -7.24152e+08
-4.54558e+08 -5.73733e+08  4.54558e+08  5.73733e+08
-5.73733e+08 -7.24152e+08  5.73733e+08  7.24152e+08

Member (50 -> 51)
          0          -0          -0           0
         -0  2.4898e+09           0 -2.4898e+09
         -0           0           0          -0
          0 -2.4898e+09          -0  2.4898e+09

Member (52 -> 53)
 1.2449e+09           0 -1.2449e+09          -0
          0           0          -0          -0
-1.2449e+09          -0  1.2449e+09           0
         -0          -0           0           0

Member (54 -> 55)
 8.84685e+08 -4.71124e+08 -8.84685e+08  4.71124e+08
-4.71124e+08   2.5089e+08  4.71124e+08  -2.5089e+08
-8.84685e+08  4.71124e+08  8.84685e+08 -4.71124e+08
 4.71124e+08  -2.5089e+08 -4.71124e+08   2.5089e+08

Member (55 -> 56)
 1.00705e+09 -3.59752e+08 -1.00705e+09  3.59752e+08
-3.59752e+08  1.28515e+08  3.59752e+08 -1.28515e+08
-1.00705e+09  3.59752e+08  1.00705e+09 -3.59752e+08
 3.59752e+08 -1.28515e+08 -3.59752e+08  1.28515e+08

Member (56 -> 57)
 1.18105e+09 -2.42396e+08 -1.18105e+09  2.42396e+08
-2.42396e+08  4.97487e+07  2.42396e+08 -4.97487e+07
-1.18105e+09  2.42396e+08  1.18105e+09 -2.42396e+08
 2.42396e+08 -4.97487e+07 -2.42396e+08  4.97487e+07

Member (51 -> 58)
 2.4671e+09           0 -2.4671e+09          -0
          0           0          -0          -0
-2.4671e+09          -0  2.4671e+09           0
         -0          -0           0           0

Member (57 -> 58)
 7.22302e+08 -8.13355e+08 -7.22302e+08  8.13355e+08
-8.13355e+08  9.15886e+08  8.13355e+08 -9.15886e+08
-7.22302e+08  8.13355e+08  7.22302e+08 -8.13355e+08
 8.13355e+08 -9.15886e+08 -8.13355e+08  9.15886e+08

Member (58 -> 59)
 1.2449e+09           0 -1.2449e+09          -0
          0           0          -0          -0
-1.2449e+09          -0  1.2449e+09           0
         -0          -0           0           0

Member (56 -> 59)
 3.96338e+08 -6.17275e+08 -3.96338e+08  6.17275e+08
-6.17275e+08  9.61371e+08  6.17275e+08 -9.61371e+08
-3.96338e+08  6.17275e+08  3.96338e+08 -6.17275e+08
 6.17275e+08 -9.61371e+08 -6.17275e+08  9.61371e+08

Member (59 -> 57)
 7.13177e+08  8.17995e+08 -7.13177e+08 -8.17995e+08
 8.17995e+08  9.38219e+08 -8.17995e+08 -9.38219e+08
-7.13177e+08 -8.17995e+08  7.13177e+08  8.17995e+08
-8.17995e+08 -9.38219e+08  8.17995e+08  9.38219e+08

Member (59 -> 60)
 1.23062e+09            0 -1.23062e+09           -0
           0            0           -0           -0
-1.23062e+09           -0  1.23062e+09            0
          -0           -0            0            0

Member (55 -> 60)
 1.69119e+08 -3.73621e+08 -1.69119e+08  3.73621e+08
-3.73621e+08  8.25414e+08  3.73621e+08 -8.25414e+08
-1.69119e+08  3.73621e+08  1.69119e+08 -3.73621e+08
 3.73621e+08 -8.25414e+08 -3.73621e+08  8.25414e+08

Member (60 -> 56)
 4.14654e+08  6.19779e+08 -4.14654e+08 -6.19779e+08
 6.19779e+08  9.26378e+08 -6.19779e+08 -9.26378e+08
-4.14654e+08 -6.19779e+08  4.14654e+08  6.19779e+08
-6.19779e+08 -9.26378e+08  6.19779e+08  9.26378e+08

Member (61 -> 62)
 6.29476e+08  5.15575e+08 -6.29476e+08 -5.15575e+08
 5.15575e+08  4.22284e+08 -5.15575e+08 -4.22284e+08
-6.29476e+08 -5.15575e+08  6.29476e+08  5.15575e+08
-5.15575e+08 -4.22284e+08  5.15575e+08  4.22284e+08

Member (52 -> 63)
           0           -0           -0            0
          -0  1.42274e+09            0 -1.42274e+09
          -0            0            0           -0
           0 -1.42274e+09           -0  1.42274e+09

Member (63 -> 62)
           0           -0           -0            0
          -0  1.42274e+09            0 -1.42274e+09
          -0            0            0           -0
           0 -1.42274e+09           -0  1.42274e+09

Member (52 -> 64)
 8.37465e+08 -9.14582e+08 -8.37465e+08  9.14582e+08
-9.14582e+08  9.98801e+08  9.14582e+08 -9.98801e+08
-8.37465e+08  9.14582e+08  8.37465e+08 -9.14582e+08
 9.14582e+08 -9.98801e+08 -9.14582e+08  9.98801e+08

Member (64 -> 61)
 8.37476e+08 -9.14575e+08 -8.37476e+08  9.14575e+08
-9.14575e+08  9.98771e+08  9.14575e+08 -9.98771e+08
-8.37476e+08  9.14575e+08  8.37476e+08 -9.14575e+08
 9.14575e+08 -9.98771e+08 -9.14575e+08  9.98771e+08

Member (63 -> 64)
 1.25895e+09  1.03116e+09 -1.25895e+09 -1.03116e+09
 1.03116e+09  8.44585e+08 -1.03116e+09 -8.44585e+08
-1.25895e+09 -1.03116e+09  1.25895e+09  1.03116e+09
-1.03116e+09 -8.44585e+08  1.03116e+09  8.44585e+08

Member (63 -> 61)
 1.32238e+09 -1.80517e+08 -1.32238e+09  1.80517e+08
-1.80517e+08  2.46423e+07  1.80517e+08 -2.46423e+07
-1.32238e+09  1.80517e+08  1.32238e+09 -1.80517e+08
 1.80517e+08 -2.46423e+07 -1.80517e+08  2.46423e+07

Member (60 -> 65)
 1.24491e+09            0 -1.24491e+09           -0
           0            0           -0           -0
-1.24491e+09           -0  1.24491e+09            0
          -0           -0            0            0

Member (55 -> 65)
 1.53298e+08   3.6133e+08 -1.53298e+08  -3.6133e+08
  3.6133e+08  8.51669e+08  -3.6133e+08 -8.51669e+08
-1.53298e+08  -3.6133e+08  1.53298e+08   3.6133e+08
 -3.6133e+08 -8.51669e+08   3.6133e+08  8.51669e+08

Member (65 -> 54)
 5.67807e+07 -1.94309e+08 -5.67807e+07  1.94309e+08
-1.94309e+08  6.64946e+08  1.94309e+08 -6.64946e+08
-5.67807e+07  1.94309e+08  5.67807e+07 -1.94309e+08
 1.94309e+08 -6.64946e+08 -1.94309e+08  6.64946e+08

Member (62 -> 66)
           0           -0           -0            0
          -0  1.42274e+09            0 -1.42274e+09
          -0            0            0           -0
           0 -1.42274e+09           -0  1.42274e+09

Member (66 -> 67)
           0           -0           -0            0
          -0  1.42274e+09            0 -1.42274e+09
          -0            0            0           -0
           0 -1.42274e+09           -0  1.42274e+09

Member (67 -> 68)
 1.50361e+09           -0 -1.50361e+09            0
          -0            0            0           -0
-1.50361e+09            0  1.50361e+09           -0
           0           -0           -0            0

Member (68 -> 69)
 1.50363e+09           -0 -1.50363e+09            0
          -0            0            0           -0
-1.50363e+09            0  1.50363e+09           -0
           0           -0           -0            0

Member (69 -> 65)
 1.50361e+09           -0 -1.50361e+09            0
          -0            0            0           -0
-1.50361e+09            0  1.50361e+09           -0
           0           -0           -0            0

Member (61 -> 70)
 1.12782e+09 -8.78242e+08 -1.12782e+09  8.78242e+08
-8.78242e+08  6.83893e+08  8.78242e+08 -6.83893e+08
-1.12782e+09  8.78242e+08  1.12782e+09 -8.78242e+08
 8.78242e+08 -6.83893e+08 -8.78242e+08  6.83893e+08

Member (70 -> 54)
 1.12782e+09 -8.78228e+08 -1.12782e+09  8.78228e+08
-8.78228e+08  6.83869e+08  8.78228e+08 -6.83869e+08
-1.12782e+09  8.78228e+08  1.12782e+09 -8.78228e+08
 8.78228e+08 -6.83869e+08 -8.78228e+08  6.83869e+08

Member (66 -> 71)
 7.83793e+08  6.46686e+08 -7.83793e+08 -6.46686e+08
 6.46686e+08  5.33563e+08 -6.46686e+08 -5.33563e+08
-7.83793e+08 -6.46686e+08  7.83793e+08  6.46686e+08
-6.46686e+08 -5.33563e+08  6.46686e+08  5.33563e+08

Member (71 -> 70)
 7.83793e+08  6.46686e+08 -7.83793e+08 -6.46686e+08
 6.46686e+08  5.33563e+08 -6.46686e+08 -5.33563e+08
-7.83793e+08 -6.46686e+08  7.83793e+08  6.46686e+08
-6.46686e+08 -5.33563e+08  6.46686e+08  5.33563e+08

Member (62 -> 71)
 1.40151e+09 -5.26034e+08 -1.40151e+09  5.26034e+08
-5.26034e+08  1.97438e+08  5.26034e+08 -1.97438e+08
-1.40151e+09  5.26034e+08  1.40151e+09 -5.26034e+08
 5.26034e+08 -1.97438e+08 -5.26034e+08  1.97438e+08

Member (71 -> 61)
 3.85511e+07  2.11278e+08 -3.85511e+07 -2.11278e+08
 2.11278e+08   1.1579e+09 -2.11278e+08  -1.1579e+09
-3.85511e+07 -2.11278e+08  3.85511e+07  2.11278e+08
-2.11278e+08  -1.1579e+09  2.11278e+08   1.1579e+09

Member (54 -> 72)
 5.69011e+08  4.71041e+08 -5.69011e+08 -4.71041e+08
 4.71041e+08  3.89939e+08 -4.71041e+08 -3.89939e+08
-5.69011e+08 -4.71041e+08  5.69011e+08  4.71041e+08
-4.71041e+08 -3.89939e+08  4.71041e+08  3.89939e+08

Member (72 -> 67)
 5.69011e+08  4.71041e+08 -5.69011e+08 -4.71041e+08
 4.71041e+08  3.89939e+08 -4.71041e+08 -3.89939e+08
-5.69011e+08 -4.71041e+08  5.69011e+08  4.71041e+08
-4.71041e+08 -3.89939e+08  4.71041e+08  3.89939e+08

Member (66 -> 72)
 1.24075e+09 -5.85338e+07 -1.24075e+09  5.85338e+07
-5.85338e+07  2.76139e+06  5.85338e+07 -2.76139e+06
-1.24075e+09  5.85338e+07  1.24075e+09 -5.85338e+07
 5.85338e+07 -2.76139e+06 -5.85338e+07  2.76139e+06

Member (72 -> 70)
 1.10617e+08  3.02008e+08 -1.10617e+08 -3.02008e+08
 3.02008e+08  8.24546e+08 -3.02008e+08 -8.24546e+08
-1.10617e+08 -3.02008e+08  1.10617e+08  3.02008e+08
-3.02008e+08 -8.24546e+08  3.02008e+08  8.24546e+08

Member (72 -> 68)
 6.09717e+07   2.9335e+08 -6.09717e+07  -2.9335e+08
  2.9335e+08  1.41138e+09  -2.9335e+08 -1.41138e+09
-6.09717e+07  -2.9335e+08  6.09717e+07   2.9335e+08
 -2.9335e+08 -1.41138e+09   2.9335e+08  1.41138e+09

Member (72 -> 69)
 4.54558e+08 -5.73733e+08 -4.54558e+08  5.73733e+08
-5.73733e+08  7.24152e+08  5.73733e+08 -7.24152e+08
-4.54558e+08  5.73733e+08  4.54558e+08 -5.73733e+08
 5.73733e+08 -7.24152e+08 -5.73733e+08  7.24152e+08

Member (72 -> 71)
 2.63354e+08 -6.30102e+08 -2.63354e+08  6.30102e+08
-6.30102e+08  1.50759e+09  6.30102e+08 -1.50759e+09
-2.63354e+08  6.30102e+08  2.63354e+08 -6.30102e+08
 6.30102e+08 -1.50759e+09 -6.30102e+08  1.50759e+09

Member (54 -> 73)
 6.09717e+07   2.9335e+08 -6.09717e+07  -2.9335e+08
  2.9335e+08  1.41138e+09  -2.9335e+08 -1.41138e+09
-6.09717e+07  -2.9335e+08  6.09717e+07   2.9335e+08
 -2.9335e+08 -1.41138e+09   2.9335e+08  1.41138e+09

Member (73 -> 69)
  6.0978e+07  2.93364e+08  -6.0978e+07 -2.93364e+08
 2.93364e+08  1.41137e+09 -2.93364e+08 -1.41137e+09
 -6.0978e+07 -2.93364e+08   6.0978e+07  2.93364e+08
-2.93364e+08 -1.41137e+09  2.93364e+08  1.41137e+09

Member (72 -> 73)
 1.50361e+09           -0 -1.50361e+09            0
          -0            0            0           -0
-1.50361e+09            0  1.50361e+09           -0
           0           -0           -0            0

Member (73 -> 65)
 4.54558e+08 -5.73733e+08 -4.54558e+08  5.73733e+08
-5.73733e+08  7.24152e+08  5.73733e+08 -7.24152e+08
-4.54558e+08  5.73733e+08  4.54558e+08 -5.73733e+08
 5.73733e+08 -7.24152e+08 -5.73733e+08  7.24152e+08

Member (53 -> 74)
           0           -0           -0            0
          -0  1.42274e+09            0 -1.42274e+09
          -0            0            0           -0
           0 -1.42274e+09           -0  1.42274e+09

Member (74 -> 75)
           0           -0           -0            0
          -0  1.42274e+09            0 -1.42274e+09
          -0            0            0           -0
           0 -1.42274e+09           -0  1.42274e+09

Member (75 -> 76)
           0           -0           -0            0
          -0  1.42274e+09            0 -1.42274e+09
          -0            0            0           -0
           0 -1.42274e+09           -0  1.42274e+09

Member (76 -> 77)
           0           -0           -0            0
          -0  1.42274e+09            0 -1.42274e+09
          -0            0            0           -0
           0 -1.42274e+09           -0  1.42274e+09

Member (74 -> 78)
 2.4898e+09          -0 -2.4898e+09           0
         -0           0           0          -0
-2.4898e+09           0  2.4898e+09          -0
          0          -0          -0           0

Member (78 -> 63)
 2.4898e+09          -0 -2.4898e+09           0
         -0           0           0          -0
-2.4898e+09           0  2.4898e+09          -0
          0          -0          -0           0

Member (75 -> 79)
 2.4898e+09          -0 -2.4898e+09           0
         -0           0           0          -0
-2.4898e+09           0  2.4898e+09          -0
          0          -0          -0           0

Member (79 -> 62)
 2.4898e+09          -0 -2.4898e+09           0
         -0           0           0          -0
-2.4898e+09           0  2.4898e+09          -0
          0          -0          -0           0

Member (76 -> 80)
 2.4898e+09          -0 -2.4898e+09           0
         -0           0           0          -0
-2.4898e+09           0  2.4898e+09          -0
          0          -0          -0           0

Member (80 -> 66)
 2.4898e+09          -0 -2.4898e+09           0
         -0           0           0          -0
-2.4898e+09           0  2.4898e+09          -0
          0          -0          -0           0

Member (77 -> 81)
 2.4898e+09          -0 -2.4898e+09           0
         -0           0           0          -0
-2.4898e+09           0  2.4898e+09          -0
          0          -0          -0           0

Member (81 -> 67)
 2.4898e+09          -0 -2.4898e+09           0
         -0           0           0          -0
-2.4898e+09           0  2.4898e+09          -0
          0          -0          -0           0

Member (76 -> 81)
  3.0407e+08 -5.32123e+08  -3.0407e+08  5.32123e+08
-5.32123e+08  9.31215e+08  5.32123e+08 -9.31215e+08
 -3.0407e+08  5.32123e+08   3.0407e+08 -5.32123e+08
 5.32123e+08 -9.31215e+08 -5.32123e+08  9.31215e+08

Member (81 -> 66)
  3.0407e+08  5.32123e+08  -3.0407e+08 -5.32123e+08
 5.32123e+08  9.31215e+08 -5.32123e+08 -9.31215e+08
 -3.0407e+08 -5.32123e+08   3.0407e+08  5.32123e+08
-5.32123e+08 -9.31215e+08  5.32123e+08  9.31215e+08

Member (75 -> 80)
  3.0407e+08 -5.32123e+08  -3.0407e+08  5.32123e+08
-5.32123e+08  9.31215e+08  5.32123e+08 -9.31215e+08
 -3.0407e+08  5.32123e+08   3.0407e+08 -5.32123e+08
 5.32123e+08 -9.31215e+08 -5.32123e+08  9.31215e+08

Member (80 -> 62)
  3.0407e+08  5.32123e+08  -3.0407e+08 -5.32123e+08
 5.32123e+08  9.31215e+08 -5.32123e+08 -9.31215e+08
 -3.0407e+08 -5.32123e+08   3.0407e+08  5.32123e+08
-5.32123e+08 -9.31215e+08  5.32123e+08  9.31215e+08

Member (74 -> 79)
  3.0407e+08 -5.32123e+08  -3.0407e+08  5.32123e+08
-5.32123e+08  9.31215e+08  5.32123e+08 -9.31215e+08
 -3.0407e+08  5.32123e+08   3.0407e+08 -5.32123e+08
 5.32123e+08 -9.31215e+08 -5.32123e+08  9.31215e+08

Member (79 -> 63)
  3.0407e+08  5.32123e+08  -3.0407e+08 -5.32123e+08
 5.32123e+08  9.31215e+08 -5.32123e+08 -9.31215e+08
 -3.0407e+08 -5.32123e+08   3.0407e+08  5.32123e+08
-5.32123e+08 -9.31215e+08  5.32123e+08  9.31215e+08

Member (53 -> 78)
  3.0407e+08 -5.32123e+08  -3.0407e+08  5.32123e+08
-5.32123e+08  9.31215e+08  5.32123e+08 -9.31215e+08
 -3.0407e+08  5.32123e+08   3.0407e+08 -5.32123e+08
 5.32123e+08 -9.31215e+08 -5.32123e+08  9.31215e+08

Member (78 -> 52)
  3.0407e+08  5.32123e+08  -3.0407e+08 -5.32123e+08
 5.32123e+08  9.31215e+08 -5.32123e+08 -9.31215e+08
 -3.0407e+08 -5.32123e+08   3.0407e+08  5.32123e+08
-5.32123e+08 -9.31215e+08  5.32123e+08  9.31215e+08

Member (82 -> 83)
 8.84685e+08  4.71124e+08 -8.84685e+08 -4.71124e+08
 4.71124e+08   2.5089e+08 -4.71124e+08  -2.5089e+08
-8.84685e+08 -4.71124e+08  8.84685e+08  4.71124e+08
-4.71124e+08  -2.5089e+08  4.71124e+08   2.5089e+08

Member (83 -> 84)
 1.00705e+09  3.59752e+08 -1.00705e+09 -3.59752e+08
 3.59752e+08  1.28515e+08 -3.59752e+08 -1.28515e+08
-1.00705e+09 -3.59752e+08  1.00705e+09  3.59752e+08
-3.59752e+08 -1.28515e+08  3.59752e+08  1.28515e+08

Member (84 -> 85)
 1.18102e+09  2.42382e+08 -1.18102e+09 -2.42382e+08
 2.42382e+08  4.97444e+07 -2.42382e+08 -4.97444e+07
-1.18102e+09 -2.42382e+08  1.18102e+09  2.42382e+08
-2.42382e+08 -4.97444e+07  2.42382e+08  4.97444e+07

Member (85 -> 4)
 1.22518e+09  8.28102e+07 -1.22518e+09 -8.28102e+07
 8.28102e+07  5.59715e+06 -8.28102e+07 -5.59715e+06
-1.22518e+09 -8.28102e+07  1.22518e+09  8.28102e+07
-8.28102e+07 -5.59715e+06  8.28102e+07  5.59715e+06

Member (1 -> 86)
