Member (22 -> 3)
 7.22297e+08 -8.13366e+08 -7.22297e+08  8.13366e+08
-8.13366e+08  9.15916e+08  8.13366e+08 -9.15916e+08
-7.22297e+08  8.13366e+08  7.22297e+08 -8.13366e+08
 8.13366e+08 -9.15916e+08 -8.13366e+08  9.15916e+08

Member (15 -> 18)
 8.84684e+08 -4.71122e+08 -8.84684e+08  4.71122e+08
-4.71122e+08  2.50888e+08  4.71122e+08 -2.50888e+08
-8.84684e+08  4.71122e+08  8.84684e+08 -4.71122e+08
 4.71122e+08 -2.50888e+08 -4.71122e+08  2.50888e+08

Member (0 -> 12)
 1.2449e+09           0 -1.2449e+09          -0
          0           0          -0          -0
-1.2449e+09          -0  1.2449e+09           0
         -0          -0           0           0

Member (4 -> 1)
          0          -0          -0           0
         -0  2.4898e+09           0 -2.4898e+09
         -0           0           0          -0
          0 -2.4898e+09          -0  2.4898e+09

Member (18 -> 17)
 1.00706e+09 -3.59754e+08 -1.00706e+09  3.59754e+08
-3.59754e+08  1.28516e+08  3.59754e+08 -1.28516e+08
-1.00706e+09  3.59754e+08  1.00706e+09 -3.59754e+08
 3.59754e+08 -1.28516e+08 -3.59754e+08  1.28516e+08

Member (17 -> 22)
 1.18102e+09 -2.42389e+08 -1.18102e+09  2.42389e+08
-2.42389e+08  4.97468e+07  2.42389e+08 -4.97468e+07
-1.18102e+09  2.42389e+08  1.18102e+09 -2.42389e+08
 2.42389e+08 -4.97468e+07 -2.42389e+08  4.97468e+07

Member (22 -> 4)
 1.22518e+09 -8.28048e+07 -1.22518e+09  8.28048e+07
-8.28048e+07  5.59645e+06  8.28048e+07 -5.59645e+06
-1.22518e+09  8.28048e+07  1.22518e+09 -8.28048e+07
 8.28048e+07 -5.59645e+06 -8.28048e+07  5.59645e+06

Member (1 -> 3)
 2.46716e+09            0 -2.46716e+09           -0
           0            0           -0           -0
-2.46716e+09           -0  2.46716e+09            0
          -0           -0            0            0

Member (3 -> 4)
 8.84249e+08  8.76211e+08 -8.84249e+08 -8.76211e+08
 8.76211e+08  8.68245e+08 -8.76211e+08 -8.68245e+08
-8.84249e+08 -8.76211e+08  8.84249e+08  8.76211e+08
-8.76211e+08 -8.68245e+08  8.76211e+08  8.68245e+08

Member (3 -> 14)
 1.2449e+09           0 -1.2449e+09          -0
          0           0          -0          -0
-1.2449e+09          -0  1.2449e+09           0
         -0          -0           0           0

Member (17 -> 14)
 3.96349e+08 -6.17276e+08 -3.96349e+08  6.17276e+08
-6.17276e+08   9.6135e+08  6.17276e+08  -9.6135e+08
-3.96349e+08  6.17276e+08  3.96349e+08 -6.17276e+08
 6.17276e+08  -9.6135e+08 -6.17276e+08   9.6135e+08

Member (14 -> 22)
 7.13199e+08  8.17993e+08 -7.13199e+08 -8.17993e+08
 8.17993e+08  9.38184e+08 -8.17993e+08 -9.38184e+08
-7.13199e+08 -8.17993e+08  7.13199e+08  8.17993e+08
-8.17993e+08 -9.38184e+08  8.17993e+08  9.38184e+08

Member (14 -> 13)
 1.23062e+09            0 -1.23062e+09           -0
           0            0           -0           -0
-1.23062e+09           -0  1.23062e+09            0
          -0           -0            0            0

Member (18 -> 13)
 1.69123e+08 -3.73624e+08 -1.69123e+08  3.73624e+08
-3.73624e+08  8.25407e+08  3.73624e+08 -8.25407e+08
-1.69123e+08  3.73624e+08  1.69123e+08 -3.73624e+08
 3.73624e+08 -8.25407e+08 -3.73624e+08  8.25407e+08

Member (13 -> 17)
 4.14644e+08  6.19778e+08 -4.14644e+08 -6.19778e+08
 6.19778e+08  9.26397e+08 -6.19778e+08 -9.26397e+08
-4.14644e+08 -6.19778e+08  4.14644e+08  6.19778e+08
-6.19778e+08 -9.26397e+08  6.19778e+08  9.26397e+08

Member (19 -> 23)
 6.29476e+08  5.15576e+08 -6.29476e+08 -5.15576e+08
 5.15576e+08  4.22285e+08 -5.15576e+08 -4.22285e+08
-6.29476e+08 -5.15576e+08  6.29476e+08  5.15576e+08
-5.15576e+08 -4.22285e+08  5.15576e+08  4.22285e+08

Member (0 -> 24)
           0           -0           -0            0
          -0  1.42274e+09            0 -1.42274e+09
          -0            0            0           -0
           0 -1.42274e+09           -0  1.42274e+09

Member (24 -> 23)
           0           -0           -0            0
          -0  1.42274e+09            0 -1.42274e+09
          -0            0            0           -0
           0 -1.42274e+09           -0  1.42274e+09

Member (0 -> 25)
  8.3747e+08 -9.14579e+08  -8.3747e+08  9.14579e+08
-9.14579e+08  9.98788e+08  9.14579e+08 -9.98788e+08
 -8.3747e+08  9.14579e+08   8.3747e+08 -9.14579e+08
 9.14579e+08 -9.98788e+08 -9.14579e+08  9.98788e+08

Member (25 -> 19)
  8.3747e+08 -9.14579e+08  -8.3747e+08  9.14579e+08
-9.14579e+08  9.98788e+08  9.14579e+08 -9.98788e+08
 -8.3747e+08  9.14579e+08   8.3747e+08 -9.14579e+08
 9.14579e+08 -9.98788e+08 -9.14579e+08  9.98788e+08

Member (24 -> 25)
 1.25895e+09  1.03115e+09 -1.25895e+09 -1.03115e+09
 1.03115e+09   8.4457e+08 -1.03115e+09  -8.4457e+08
-1.25895e+09 -1.03115e+09  1.25895e+09  1.03115e+09
-1.03115e+09  -8.4457e+08  1.03115e+09   8.4457e+08

Member (24 -> 19)
 1.32239e+09 -1.80518e+08 -1.32239e+09  1.80518e+08
-1.80518e+08  2.46424e+07  1.80518e+08 -2.46424e+07
-1.32239e+09  1.80518e+08  1.32239e+09 -1.80518e+08
 1.80518e+08 -2.46424e+07 -1.80518e+08  2.46424e+07

Member (13 -> 11)
 1.2449e+09           0 -1.2449e+09          -0
          0           0          -0          -0
-1.2449e+09          -0  1.2449e+09           0
         -0          -0           0           0

Member (18 -> 11)
 1.53299e+08  3.61331e+08 -1.53299e+08 -3.61331e+08
 3.61331e+08  8.51668e+08 -3.61331e+08 -8.51668e+08
-1.53299e+08 -3.61331e+08  1.53299e+08  3.61331e+08
-3.61331e+08 -8.51668e+08  3.61331e+08  8.51668e+08

Member (11 -> 15)
 5.67809e+07  -1.9431e+08 -5.67809e+07   1.9431e+08
 -1.9431e+08  6.64945e+08   1.9431e+08 -6.64945e+08
-5.67809e+07   1.9431e+08  5.67809e+07  -1.9431e+08
  1.9431e+08 -6.64945e+08  -1.9431e+08  6.64945e+08

Member (23 -> 29)
           0           -0           -0            0
          -0  1.42274e+09            0 -1.42274e+09
          -0            0            0           -0
           0 -1.42274e+09           -0  1.42274e+09

Member (29 -> 5)
           0           -0           -0            0
          -0  1.42274e+09            0 -1.42274e+09
          -0            0            0           -0
           0 -1.42274e+09           -0  1.42274e+09

Member (5 -> 10)
 1.50362e+09           -0 -1.50362e+09            0
          -0            0            0           -0
-1.50362e+09            0  1.50362e+09           -0
           0           -0           -0            0

Member (10 -> 20)
 1.50361e+09           -0 -1.50361e+09            0
          -0            0            0           -0
-1.50361e+09            0  1.50361e+09           -0
           0           -0           -0            0

Member (20 -> 11)
 1.50361e+09           -0 -1.50361e+09            0
          -0            0            0           -0
-1.50361e+09            0  1.50361e+09           -0
           0           -0           -0            0

Member (19 -> 2)
 1.12782e+09 -8.78234e+08 -1.12782e+09  8.78234e+08
-8.78234e+08  6.83879e+08  8.78234e+08 -6.83879e+08
-1.12782e+09  8.78234e+08  1.12782e+09 -8.78234e+08
 8.78234e+08 -6.83879e+08 -8.78234e+08  6.83879e+08

Member (2 -> 15)
 1.12782e+09 -8.78234e+08 -1.12782e+09  8.78234e+08
-8.78234e+08  6.83879e+08  8.78234e+08 -6.83879e+08
-1.12782e+09  8.78234e+08  1.12782e+09 -8.78234e+08
 8.78234e+08 -6.83879e+08 -8.78234e+08  6.83879e+08

Member (29 -> 9)
 7.83793e+08  6.46685e+08 -7.83793e+08 -6.46685e+08
 6.46685e+08   5.3356e+08 -6.46685e+08  -5.3356e+08
-7.83793e+08 -6.46685e+08  7.83793e+08  6.46685e+08
-6.46685e+08  -5.3356e+08  6.46685e+08   5.3356e+08

Member (9 -> 2)
 7.83793e+08  6.46684e+08 -7.83793e+08 -6.46684e+08
 6.46684e+08   5.3356e+08 -6.46684e+08  -5.3356e+08
-7.83793e+08 -6.46684e+08  7.83793e+08  6.46684e+08
-6.46684e+08  -5.3356e+08  6.46684e+08   5.3356e+08

Member (23 -> 9)
 1.40151e+09 -5.26032e+08 -1.40151e+09  5.26032e+08
-5.26032e+08  1.97437e+08  5.26032e+08 -1.97437e+08
-1.40151e+09  5.26032e+08  1.40151e+09 -5.26032e+08
 5.26032e+08 -1.97437e+08 -5.26032e+08  1.97437e+08

Member (9 -> 19)
 3.85498e+07  2.11275e+08 -3.85498e+07 -2.11275e+08
 2.11275e+08  1.15791e+09 -2.11275e+08 -1.15791e+09
-3.85498e+07 -2.11275e+08  3.85498e+07  2.11275e+08
-2.11275e+08 -1.15791e+09  2.11275e+08  1.15791e+09

Member (15 -> 26)
 5.69011e+08  4.71041e+08 -5.69011e+08 -4.71041e+08
 4.71041e+08  3.89939e+08 -4.71041e+08 -3.89939e+08
-5.69011e+08 -4.71041e+08  5.69011e+08  4.71041e+08
-4.71041e+08 -3.89939e+08  4.71041e+08  3.89939e+08

Member (26 -> 5)
 5.69011e+08  4.71041e+08 -5.69011e+08 -4.71041e+08
 4.71041e+08  3.89939e+08 -4.71041e+08 -3.89939e+08
-5.69011e+08 -4.71041e+08  5.69011e+08  4.71041e+08
-4.71041e+08 -3.89939e+08  4.71041e+08  3.89939e+08

Member (29 -> 26)
 1.24075e+09 -5.85337e+07 -1.24075e+09  5.85337e+07
-5.85337e+07  2.76138e+06  5.85337e+07 -2.76138e+06
-1.24075e+09  5.85337e+07  1.24075e+09 -5.85337e+07
 5.85337e+07 -2.76138e+06 -5.85337e+07  2.76138e+06

Member (26 -> 2)
 1.10619e+08   3.0201e+08 -1.10619e+08  -3.0201e+08
  3.0201e+08  8.24544e+08  -3.0201e+08 -8.24544e+08
-1.10619e+08  -3.0201e+08  1.10619e+08   3.0201e+08
 -3.0201e+08 -8.24544e+08   3.0201e+08  8.24544e+08

Member (26 -> 10)
 6.09742e+07  2.93356e+08 -6.09742e+07 -2.93356e+08
 2.93356e+08  1.41138e+09 -2.93356e+08 -1.41138e+09
-6.09742e+07 -2.93356e+08  6.09742e+07  2.93356e+08
-2.93356e+08 -1.41138e+09  2.93356e+08  1.41138e+09

Member (26 -> 20)
  4.5456e+08 -5.73732e+08  -4.5456e+08  5.73732e+08
-5.73732e+08  7.24148e+08  5.73732e+08 -7.24148e+08
 -4.5456e+08  5.73732e+08   4.5456e+08 -5.73732e+08
 5.73732e+08 -7.24148e+08 -5.73732e+08  7.24148e+08

Member (26 -> 9)
 2.63351e+08   -6.301e+08 -2.63351e+08    6.301e+08
  -6.301e+08  1.50759e+09    6.301e+08 -1.50759e+09
-2.63351e+08    6.301e+08  2.63351e+08   -6.301e+08
   6.301e+08 -1.50759e+09   -6.301e+08  1.50759e+09

Member (15 -> 27)
 6.09739e+07  2.93355e+08 -6.09739e+07 -2.93355e+08
 2.93355e+08  1.41138e+09 -2.93355e+08 -1.41138e+09
-6.09739e+07 -2.93355e+08  6.09739e+07  2.93355e+08
-2.93355e+08 -1.41138e+09  2.93355e+08  1.41138e+09

Member (27 -> 20)
 6.09736e+07  2.93354e+08 -6.09736e+07 -2.93354e+08
 2.93354e+08  1.41138e+09 -2.93354e+08 -1.41138e+09
-6.09736e+07 -2.93354e+08  6.09736e+07  2.93354e+08
-2.93354e+08 -1.41138e+09  2.93354e+08  1.41138e+09

Member (26 -> 27)
 1.50362e+09           -0 -1.50362e+09            0
          -0            0            0           -0
-1.50362e+09            0  1.50362e+09           -0
           0           -0           -0            0

Member (27 -> 11)
 4.54561e+08 -5.73732e+08 -4.54561e+08  5.73732e+08
-5.73732e+08  7.24146e+08  5.73732e+08 -7.24146e+08
-4.54561e+08  5.73732e+08  4.54561e+08 -5.73732e+08
 5.73732e+08 -7.24146e+08 -5.73732e+08  7.24146e+08

Member (12 -> 6)
           0           -0           -0            0
          -0  1.42274e+09            0 -1.42274e+09
          -0            0            0           -0
           0 -1.42274e+09           -0  1.42274e+09

Member (6 -> 7)
           0           -0           -0            0
          -0  1.42274e+09            0 -1.42274e+09
          -0            0            0           -0
           0 -1.42274e+09           -0  1.42274e+09

Member (7 -> 8)
           0           -0           -0            0
          -0  1.42274e+09            0 -1.42274e+09
          -0            0            0           -0
           0 -1.42274e+09           -0  1.42274e+09

Member (8 -> 16)
           0           -0           -0            0
          -0  1.42274e+09            0 -1.42274e+09
          -0            0            0           -0
           0 -1.42274e+09           -0  1.42274e+09

Member (6 -> 21)
 2.4898e+09          -0 -2.4898e+09           0
         -0           0           0          -0
-2.4898e+09           0  2.4898e+09          -0
          0          -0          -0           0

Member (21 -> 24)
 2.4898e+09          -0 -2.4898e+09           0
         -0           0           0          -0
-2.4898e+09           0  2.4898e+09          -0
          0          -0          -0           0

Member (7 -> 28)
 2.4898e+09          -0 -2.4898e+09           0
         -0           0           0          -0
-2.4898e+09           0  2.4898e+09          -0
          0          -0          -0           0

Member (28 -> 23)
 2.4898e+09          -0 -2.4898e+09           0
         -0           0           0          -0
-2.4898e+09           0  2.4898e+09          -0
          0          -0          -0           0

Member (8 -> 30)
 2.4898e+09          -0 -2.4898e+09           0
         -0           0           0          -0
-2.4898e+09           0  2.4898e+09          -0
          0          -0          -0           0

Member (30 -> 29)
 2.4898e+09          -0 -2.4898e+09           0
         -0           0           0          -0
-2.4898e+09           0  2.4898e+09          -0
          0          -0          -0           0

Member (16 -> 31)
 2.4898e+09          -0 -2.4898e+09           0
         -0           0           0          -0
-2.4898e+09           0  2.4898e+09          -0
          0          -0          -0           0

Member (31 -> 5)
 2.4898e+09          -0 -2.4898e+09           0
         -0           0           0          -0
-2.4898e+09           0  2.4898e+09          -0
          0          -0          -0           0

Member (8 -> 31)
  3.0407e+08 -5.32123e+08  -3.0407e+08  5.32123e+08
-5.32123e+08  9.31215e+08  5.32123e+08 -9.31215e+08
 -3.0407e+08  5.32123e+08   3.0407e+08 -5.32123e+08
 5.32123e+08 -9.31215e+08 -5.32123e+08  9.31215e+08

Member (31 -> 29)
  3.0407e+08  5.32123e+08  -3.0407e+08 -5.32123e+08
 5.32123e+08  9.31215e+08 -5.32123e+08 -9.31215e+08
 -3.0407e+08 -5.32123e+08   3.0407e+08  5.32123e+08
-5.32123e+08 -9.31215e+08  5.32123e+08  9.31215e+08

Member (7 -> 30)
  3.0407e+08 -5.32123e+08  -3.0407e+08  5.32123e+08
-5.32123e+08  9.31215e+08  5.32123e+08 -9.31215e+08
 -3.0407e+08  5.32123e+08   3.0407e+08 -5.32123e+08
 5.32123e+08 -9.31215e+08 -5.32123e+08  9.31215e+08

Member (30 -> 23)
  3.0407e+08  5.32123e+08  -3.0407e+08 -5.32123e+08
 5.32123e+08  9.31215e+08 -5.32123e+08 -9.31215e+08
 -3.0407e+08 -5.32123e+08   3.0407e+08  5.32123e+08
-5.32123e+08 -9.31215e+08  5.32123e+08  9.31215e+08

Member (6 -> 28)
  3.0407e+08 -5.32123e+08  -3.0407e+08  5.32123e+08
-5.32123e+08  9.31215e+08  5.32123e+08 -9.31215e+08
 -3.0407e+08  5.32123e+08   3.0407e+08 -5.32123e+08
 5.32123e+08 -9.31215e+08 -5.32123e+08  9.31215e+08

Member (28 -> 24)
  3.0407e+08  5.32123e+08  -3.0407e+08 -5.32123e+08
 5.32123e+08  9.31215e+08 -5.32123e+08 -9.31215e+08
 -3.0407e+08 -5.32123e+08   3.0407e+08  5.32123e+08
-5.32123e+08 -9.31215e+08  5.32123e+08  9.31215e+08

Member (12 -> 21)
  3.0407e+08 -5.32123e+08  -3.0407e+08  5.32123e+08
-5.32123e+08  9.31215e+08  5.32123e+08 -9.31215e+08
 -3.0407e+08  5.32123e+08   3.0407e+08 -5.32123e+08
 5.32123e+08 -9.31215e+08 -5.32123e+08  9.31215e+08

Member (21 -> 0)
  3.0407e+08  5.32123e+08  -3.0407e+08 -5.32123e+08
 5.32123e+08  9.31215e+08 -5.32123e+08 -9.31215e+08
 -3.0407e+08 -5.32123e+08   3.0407e+08  5.32123e+08
-5.32123e+08 -9.31215e+08  5.32123e+08  9.31215e+08

Member (32 -> 33)
 8.84683e+08  4.71122e+08 -8.84683e+08 -4.71122e+08
 4.71122e+08  2.50887e+08 -4.71122e+08 -2.50887e+08
-8.84683e+08 -4.71122e+08  8.84683e+08  4.71122e+08
-4.71122e+08 -2.50887e+08  4.71122e+08  2.50887e+08

Member (33 -> 34)
 1.00706e+09  3.59754e+08 -1.00706e+09 -3.59754e+08
 3.59754e+08  1.28516e+08 -3.59754e+08 -1.28516e+08
-1.00706e+09 -3.59754e+08  1.00706e+09  3.59754e+08
-3.59754e+08 -1.28516e+08  3.59754e+08  1.28516e+08

Member (34 -> 35)
 1.18102e+09  2.42388e+08 -1.18102e+09 -2.42388e+08
 2.42388e+08  4.97467e+07 -2.42388e+08 -4.97467e+07
-1.18102e+09 -2.42388e+08  1.18102e+09  2.42388e+08
-2.42388e+08 -4.97467e+07  2.42388e+08  4.97467e+07

Member (35 -> 36)
 1.22518e+09  8.28049e+07 -1.22518e+09 -8.28049e+07
 8.28049e+07  5.59646e+06 -8.28049e+07 -5.59646e+06
-1.22518e+09 -8.28049e+07  1.22518e+09  8.28049e+07
-8.28049e+07 -5.59646e+06  8.28049e+07  5.59646e+06

Member (36 -> 37)
          0          -0          -0           0
         -0  2.4898e+09           0 -2.4898e+09
         -0           0           0          -0
          0 -2.4898e+09          -0  2.4898e+09

Member (37 -> 38)
 2.46717e+09           -0 -2.46717e+09            0
          -0            0            0           -0
-2.46717e+09            0  2.46717e+09           -0
           0           -0           -0            0

Member (35 -> 38)
 7.22297e+08  8.13366e+08 -7.22297e+08 -8.13366e+08
 8.13366e+08  9.15916e+08 -8.13366e+08 -9.15916e+08
-7.22297e+08 -8.13366e+08  7.22297e+08  8.13366e+08
-8.13366e+08 -9.15916e+08  8.13366e+08  9.15916e+08

Member (38 -> 36)
 8.84248e+08 -8.76211e+08 -8.84248e+08  8.76211e+08
-8.76211e+08  8.68248e+08  8.76211e+08 -8.68248e+08
-8.84248e+08  8.76211e+08  8.84248e+08 -8.76211e+08
 8.76211e+08 -8.68248e+08 -8.76211e+08  8.68248e+08

Member (38 -> 39)
 1.2449e+09          -0 -1.2449e+09           0
         -0           0           0          -0
-1.2449e+09           0  1.2449e+09          -0
          0          -0          -0           0

Member (34 -> 39)
  3.9635e+08  6.17277e+08  -3.9635e+08 -6.17277e+08
 6.17277e+08  9.61349e+08 -6.17277e+08 -9.61349e+08
 -3.9635e+08 -6.17277e+08   3.9635e+08  6.17277e+08
-6.17277e+08 -9.61349e+08  6.17277e+08  9.61349e+08

Member (39 -> 35)
 7.13199e+08 -8.17993e+08 -7.13199e+08  8.17993e+08
-8.17993e+08  9.38184e+08  8.17993e+08 -9.38184e+08
-7.13199e+08  8.17993e+08  7.13199e+08 -8.17993e+08
 8.17993e+08 -9.38184e+08 -8.17993e+08  9.38184e+08

Member (39 -> 40)
 1.23062e+09           -0 -1.23062e+09            0
          -0            0            0           -0
-1.23062e+09            0  1.23062e+09           -0
           0           -0           -0            0

Member (33 -> 40)
 1.69123e+08  3.73624e+08 -1.69123e+08 -3.73624e+08
 3.73624e+08  8.25407e+08 -3.73624e+08 -8.25407e+08
-1.69123e+08 -3.73624e+08  1.69123e+08  3.73624e+08
-3.73624e+08 -8.25407e+08  3.73624e+08  8.25407e+08

Member (40 -> 34)
 4.14643e+08 -6.19778e+08 -4.14643e+08  6.19778e+08
-6.19778e+08  9.26398e+08  6.19778e+08 -9.26398e+08
-4.14643e+08  6.19778e+08  4.14643e+08 -6.19778e+08
 6.19778e+08 -9.26398e+08 -6.19778e+08  9.26398e+08

Member (41 -> 7)
 6.29476e+08 -5.15576e+08 -6.29476e+08  5.15576e+08
-5.15576e+08  4.22285e+08  5.15576e+08 -4.22285e+08
-6.29476e+08  5.15576e+08  6.29476e+08 -5.15576e+08
 5.15576e+08 -4.22285e+08 -5.15576e+08  4.22285e+08

Member (12 -> 42)
  8.3747e+08  9.14579e+08  -8.3747e+08 -9.14579e+08
 9.14579e+08  9.98788e+08 -9.14579e+08 -9.98788e+08
 -8.3747e+08 -9.14579e+08   8.3747e+08  9.14579e+08
-9.14579e+08 -9.98788e+08  9.14579e+08  9.98788e+08

Member (42 -> 41)
  8.3747e+08  9.14579e+08  -8.3747e+08 -9.14579e+08
 9.14579e+08  9.98788e+08 -9.14579e+08 -9.98788e+08
 -8.3747e+08 -9.14579e+08   8.3747e+08  9.14579e+08
-9.14579e+08 -9.98788e+08  9.14579e+08  9.98788e+08

Member (6 -> 42)
 1.25895e+09 -1.03115e+09 -1.25895e+09  1.03115e+09
-1.03115e+09   8.4457e+08  1.03115e+09  -8.4457e+08
-1.25895e+09  1.03115e+09  1.25895e+09 -1.03115e+09
 1.03115e+09  -8.4457e+08 -1.03115e+09   8.4457e+08

Member (6 -> 41)
 1.32239e+09  1.80518e+08 -1.32239e+09 -1.80518e+08
 1.80518e+08  2.46424e+07 -1.80518e+08 -2.46424e+07
-1.32239e+09 -1.80518e+08  1.32239e+09  1.80518e+08
-1.80518e+08 -2.46424e+07  1.80518e+08  2.46424e+07

Member (40 -> 43)
 1.2449e+09          -0 -1.2449e+09           0
         -0           0           0          -0
-1.2449e+09           0  1.2449e+09          -0
          0          -0          -0           0

Member (33 -> 43)
 1.53299e+08 -3.61331e+08 -1.53299e+08  3.61331e+08
-3.61331e+08  8.51668e+08  3.61331e+08 -8.51668e+08
-1.53299e+08  3.61331e+08  1.53299e+08 -3.61331e+08
 3.61331e+08 -8.51668e+08 -3.61331e+08  8.51668e+08

Member (43 -> 32)
 5.67811e+07   1.9431e+08 -5.67811e+07  -1.9431e+08
  1.9431e+08  6.64945e+08  -1.9431e+08 -6.64945e+08
-5.67811e+07  -1.9431e+08  5.67811e+07   1.9431e+08
 -1.9431e+08 -6.64945e+08   1.9431e+08  6.64945e+08

Member (16 -> 44)
 1.50361e+09            0 -1.50361e+09           -0
           0            0           -0           -0
-1.50361e+09           -0  1.50361e+09            0
          -0           -0            0            0

Member (44 -> 45)
 1.50361e+09            0 -1.50361e+09           -0
           0            0           -0           -0
-1.50361e+09           -0  1.50361e+09            0
          -0           -0            0            0

Member (45 -> 43)
 1.50361e+09            0 -1.50361e+09           -0
           0            0           -0           -0
-1.50361e+09           -0  1.50361e+09            0
          -0           -0            0            0

Member (41 -> 46)
 1.12782e+09  8.78233e+08 -1.12782e+09 -8.78233e+08
 8.78233e+08  6.83878e+08 -8.78233e+08 -6.83878e+08
-1.12782e+09 -8.78233e+08  1.12782e+09  8.78233e+08
-8.78233e+08 -6.83878e+08  8.78233e+08  6.83878e+08

Member (46 -> 32)
 1.12782e+09  8.78234e+08 -1.12782e+09 -8.78234e+08
 8.78234e+08  6.83881e+08 -8.78234e+08 -6.83881e+08
-1.12782e+09 -8.78234e+08  1.12782e+09  8.78234e+08
-8.78234e+08 -6.83881e+08  8.78234e+08  6.83881e+08

Member (8 -> 47)
 7.83793e+08 -6.46684e+08 -7.83793e+08  6.46684e+08
-6.46684e+08  5.33559e+08  6.46684e+08 -5.33559e+08
-7.83793e+08  6.46684e+08  7.83793e+08 -6.46684e+08
 6.46684e+08 -5.33559e+08 -6.46684e+08  5.33559e+08

Member (47 -> 46)
 7.83793e+08 -6.46685e+08 -7.83793e+08  6.46685e+08
-6.46685e+08   5.3356e+08  6.46685e+08  -5.3356e+08
-7.83793e+08  6.46685e+08  7.83793e+08 -6.46685e+08
 6.46685e+08  -5.3356e+08 -6.46685e+08   5.3356e+08

Member (7 -> 47)
 1.40151e+09  5.26031e+08 -1.40151e+09 -5.26031e+08
 5.26031e+08  1.97436e+08 -5.26031e+08 -1.97436e+08
-1.40151e+09 -5.26031e+08  1.40151e+09  5.26031e+08
-5.26031e+08 -1.97436e+08  5.26031e+08  1.97436e+08

Member (47 -> 41)
 3.85494e+07 -2.11274e+08 -3.85494e+07  2.11274e+08
-2.11274e+08  1.15791e+09  2.11274e+08 -1.15791e+09
-3.85494e+07  2.11274e+08  3.85494e+07 -2.11274e+08
 2.11274e+08 -1.15791e+09 -2.11274e+08  1.15791e+09

Member (32 -> 48)
 5.69011e+08 -4.71041e+08 -5.69011e+08  4.71041e+08
-4.71041e+08  3.89939e+08  4.71041e+08 -3.89939e+08
-5.69011e+08  4.71041e+08  5.69011e+08 -4.71041e+08
 4.71041e+08 -3.89939e+08 -4.71041e+08  3.89939e+08

Member (48 -> 16)
 5.69011e+08 -4.71041e+08 -5.69011e+08  4.71041e+08
-4.71041e+08  3.89939e+08  4.71041e+08 -3.89939e+08
-5.69011e+08  4.71041e+08  5.69011e+08 -4.71041e+08
 4.71041e+08 -3.89939e+08 -4.71041e+08  3.89939e+08

Member (8 -> 48)
 1.24075e+09  5.85337e+07 -1.24075e+09 -5.85337e+07
 5.85337e+07  2.76138e+06 -5.85337e+07 -2.76138e+06
-1.24075e+09 -5.85337e+07  1.24075e+09  5.85337e+07
-5.85337e+07 -2.76138e+06  5.85337e+07  2.76138e+06

Member (48 -> 46)
 1.10619e+08  -3.0201e+08 -1.10619e+08   3.0201e+08
 -3.0201e+08  8.24543e+08   3.0201e+08 -8.24543e+08
-1.10619e+08   3.0201e+08  1.10619e+08  -3.0201e+08
  3.0201e+08 -8.24543e+08  -3.0201e+08  8.24543e+08

Member (48 -> 44)
 6.09736e+07 -2.93354e+08 -6.09736e+07  2.93354e+08
-2.93354e+08  1.41138e+09  2.93354e+08 -1.41138e+09
-6.09736e+07  2.93354e+08  6.09736e+07 -2.93354e+08
 2.93354e+08 -1.41138e+09 -2.93354e+08  1.41138e+09

Member (48 -> 45)
 4.54561e+08  5.73732e+08 -4.54561e+08 -5.73732e+08
 5.73732e+08  7.24147e+08 -5.73732e+08 -7.24147e+08
-4.54561e+08 -5.73732e+08  4.54561e+08  5.73732e+08
-5.73732e+08 -7.24147e+08  5.73732e+08  7.24147e+08

Member (48 -> 47)
  2.6335e+08  6.30099e+08  -2.6335e+08 -6.30099e+08
 6.30099e+08  1.50759e+09 -6.30099e+08 -1.50759e+09
 -2.6335e+08 -6.30099e+08   2.6335e+08  6.30099e+08
-6.30099e+08 -1.50759e+09  6.30099e+08  1.50759e+09

Member (32 -> 49)
 6.09736e+07 -2.93354e+08 -6.09736e+07  2.93354e+08
-2.93354e+08  1.41138e+09  2.93354e+08 -1.41138e+09
-6.09736e+07  2.93354e+08  6.09736e+07 -2.93354e+08
 2.93354e+08 -1.41138e+09 -2.93354e+08  1.41138e+09

Member (49 -> 45)
 6.09736e+07 -2.93354e+08 -6.09736e+07  2.93354e+08
-2.93354e+08  1.41138e+09  2.93354e+08 -1.41138e+09
-6.09736e+07  2.93354e+08  6.09736e+07 -2.93354e+08
 2.93354e+08 -1.41138e+09 -2.93354e+08  1.41138e+09

Member (48 -> 49)
 1.50361e+09            0 -1.50361e+09           -0
           0            0           -0           -0
-1.50361e+09           -0  1.50361e+09            0
          -0           -0            0            0

Member (49 -> 43)
 4.54561e+08  5.73732e+08 -4.54561e+08 -5.73732e+08
 5.73732e+08  7.24146e+08 -5.73732e+08 -7.24146e+08
-4.54561e+08 -5.73732e+08  4.54561e+08  5.73732e+08
-5.73732e+08 -7.24146e+08  5.73732e+08  7.24146e+08

Member (50 -> 51)
          0          -0          -0           0
         -0  2.4898e+09           0 -2.4898e+09
         -0           0           0          -0
          0 -2.4898e+09          -0  2.4898e+09

Member (52 -> 53)
 1.2449e+09           0 -1.2449e+09          -0
          0           0          -0          -0
-1.2449e+09          -0  1.2449e+09           0
         -0          -0           0           0

Member (54 -> 55)
 8.84683e+08 -4.71122e+08 -8.84683e+08  4.71122e+08
-4.71122e+08  2.50887e+08  4.71122e+08 -2.50887e+08
-8.84683e+08  4.71122e+08  8.84683e+08 -4.71122e+08
 4.71122e+08 -2.50887e+08 -4.71122e+08  2.50887e+08

Member (55 -> 56)
 1.00706e+09 -3.59754e+08 -1.00706e+09  3.59754e+08
-3.59754e+08  1.28516e+08  3.59754e+08 -1.28516e+08
-1.00706e+09  3.59754e+08  1.00706e+09 -3.59754e+08
 3.59754e+08 -1.28516e+08 -3.59754e+08  1.28516e+08

Member (56 -> 57)
 1.18102e+09 -2.42389e+08 -1.18102e+09  2.42389e+08
-2.42389e+08  4.97468e+07  2.42389e+08 -4.97468e+07
-1.18102e+09  2.42389e+08  1.18102e+09 -2.42389e+08
 2.42389e+08 -4.97468e+07 -2.42389e+08  4.97468e+07

Member (51 -> 58)
 2.46716e+09            0 -2.46716e+09           -0
           0            0           -0           -0
-2.46716e+09           -0  2.46716e+09            0
          -0           -0            0            0

Member (57 -> 58)
 7.22297e+08 -8.13366e+08 -7.22297e+08  8.13366e+08
-8.13366e+08  9.15916e+08  8.13366e+08 -9.15916e+08
-7.22297e+08  8.13366e+08  7.22297e+08 -8.13366e+08
 8.13366e+08 -9.15916e+08 -8.13366e+08  9.15916e+08

Member (58 -> 59)
 1.2449e+09           0 -1.2449e+09          -0
          0           0          -0          -0
-1.2449e+09          -0  1.2449e+09           0
         -0          -0           0           0

Member (56 -> 59)
  3.9635e+08 -6.17277e+08  -3.9635e+08  6.17277e+08
-6.17277e+08  9.61349e+08  6.17277e+08 -9.61349e+08
 -3.9635e+08  6.17277e+08   3.9635e+08 -6.17277e+08
 6.17277e+08 -9.61349e+08 -6.17277e+08  9.61349e+08

Member (59 -> 57)
 7.13198e+08  8.17993e+08 -7.13198e+08 -8.17993e+08
 8.17993e+08  9.38187e+08 -8.17993e+08 -9.38187e+08
-7.13198e+08 -8.17993e+08  7.13198e+08  8.17993e+08
-8.17993e+08 -9.38187e+08  8.17993e+08  9.38187e+08

Member (59 -> 60)
 1.23062e+09            0 -1.23062e+09           -0
           0            0           -0           -0
-1.23062e+09           -0  1.23062e+09            0
          -0           -0            0            0

Member (55 -> 60)
 1.69122e+08 -3.73624e+08 -1.69122e+08  3.73624e+08
-3.73624e+08  8.25407e+08  3.73624e+08 -8.25407e+08
-1.69122e+08  3.73624e+08  1.69122e+08 -3.73624e+08
 3.73624e+08 -8.25407e+08 -3.73624e+08  8.25407e+08

Member (60 -> 56)
 4.14644e+08  6.19778e+08 -4.14644e+08 -6.19778e+08
 6.19778e+08  9.26397e+08 -6.19778e+08 -9.26397e+08
-4.14644e+08 -6.19778e+08  4.14644e+08  6.19778e+08
-6.19778e+08 -9.26397e+08  6.19778e+08  9.26397e+08

Member (61 -> 62)
 6.29476e+08  5.15576e+08 -6.29476e+08 -5.15576e+08
 5.15576e+08  4.22285e+08 -5.15576e+08 -4.22285e+08
-6.29476e+08 -5.15576e+08  6.29476e+08  5.15576e+08
-5.15576e+08 -4.22285e+08  5.15576e+08  4.22285e+08

Member (52 -> 63)
           0           -0           -0            0
          -0  1.42274e+09            0 -1.42274e+09
          -0            0            0           -0
           0 -1.42274e+09           -0  1.42274e+09

Member (63 -> 62)
           0           -0           -0            0
          -0  1.42274e+09            0 -1.42274e+09
          -0            0            0           -0
           0 -1.42274e+09           -0  1.42274e+09

Member (52 -> 64)
  8.3747e+08 -9.14579e+08  -8.3747e+08  9.14579e+08
-9.14579e+08  9.98788e+08  9.14579e+08 -9.98788e+08
 -8.3747e+08  9.14579e+08   8.3747e+08 -9.14579e+08
 9.14579e+08 -9.98788e+08 -9.14579e+08  9.98788e+08

Member (64 -> 61)
  8.3747e+08 -9.14579e+08  -8.3747e+08  9.14579e+08
-9.14579e+08  9.98788e+08  9.14579e+08 -9.98788e+08
 -8.3747e+08  9.14579e+08   8.3747e+08 -9.14579e+08
 9.14579e+08 -9.98788e+08 -9.14579e+08  9.98788e+08

Member (63 -> 64)
 1.25895e+09  1.03115e+09 -1.25895e+09 -1.03115e+09
 1.03115e+09   8.4457e+08 -1.03115e+09  -8.4457e+08
-1.25895e+09 -1.03115e+09  1.25895e+09  1.03115e+09
-1.03115e+09  -8.4457e+08  1.03115e+09   8.4457e+08

Member (63 -> 61)
 1.32239e+09 -1.80518e+08 -1.32239e+09  1.80518e+08
-1.80518e+08  2.46424e+07  1.80518e+08 -2.46424e+07
-1.32239e+09  1.80518e+08  1.32239e+09 -1.80518e+08
 1.80518e+08 -2.46424e+07 -1.80518e+08  2.46424e+07

Member (60 -> 65)
 1.2449e+09           0 -1.2449e+09          -0
          0           0          -0          -0
-1.2449e+09          -0  1.2449e+09           0
         -0          -0           0           0

Member (55 -> 65)
   1.533e+08  3.61331e+08   -1.533e+08 -3.61331e+08
 3.61331e+08  8.51667e+08 -3.61331e+08 -8.51667e+08
  -1.533e+08 -3.61331e+08    1.533e+08  3.61331e+08
-3.61331e+08 -8.51667e+08  3.61331e+08  8.51667e+08

Member (65 -> 54)
 5.67809e+07 -1.94309e+08 -5.67809e+07  1.94309e+08
-1.94309e+08  6.64945e+08  1.94309e+08 -6.64945e+08
-5.67809e+07  1.94309e+08  5.67809e+07 -1.94309e+08
 1.94309e+08 -6.64945e+08 -1.94309e+08  6.64945e+08

Member (62 -> 66)
           0           -0           -0            0
          -0  1.42274e+09            0 -1.42274e+09
          -0            0            0           -0
           0 -1.42274e+09           -0  1.42274e+09

Member (66 -> 67)
           0           -0           -0            0
          -0  1.42274e+09            0 -1.42274e+09
          -0            0            0           -0
           0 -1.42274e+09           -0  1.42274e+09

Member (67 -> 68)
 1.50362e+09           -0 -1.50362e+09            0
          -0            0            0           -0
-1.50362e+09            0  1.50362e+09           -0
           0           -0           -0            0

Member (68 -> 69)
 1.50361e+09           -0 -1.50361e+09            0
          -0            0            0           -0
-1.50361e+09            0  1.50361e+09           -0
           0           -0           -0            0

Member (69 -> 65)
 1.50361e+09           -0 -1.50361e+09            0
          -0            0            0           -0
-1.50361e+09            0  1.50361e+09           -0
           0           -0           -0            0

Member (61 -> 70)
 1.12782e+09 -8.78233e+08 -1.12782e+09  8.78233e+08
-8.78233e+08  6.83878e+08  8.78233e+08 -6.83878e+08
-1.12782e+09  8.78233e+08  1.12782e+09 -8.78233e+08
 8.78233e+08 -6.83878e+08 -8.78233e+08  6.83878e+08

Member (70 -> 54)
 1.12782e+09 -8.78234e+08 -1.12782e+09  8.78234e+08
-8.78234e+08  6.83881e+08  8.78234e+08 -6.83881e+08
-1.12782e+09  8.78234e+08  1.12782e+09 -8.78234e+08
 8.78234e+08 -6.83881e+08 -8.78234e+08  6.83881e+08

Member (66 -> 71)
 7.83793e+08  6.46685e+08 -7.83793e+08 -6.46685e+08
 6.46685e+08   5.3356e+08 -6.46685e+08  -5.3356e+08
-7.83793e+08 -6.46685e+08  7.83793e+08  6.46685e+08
-6.46685e+08  -5.3356e+08  6.46685e+08   5.3356e+08

Member (71 -> 70)
 7.83793e+08  6.46684e+08 -7.83793e+08 -6.46684e+08
 6.46684e+08  5.33559e+08 -6.46684e+08 -5.33559e+08
-7.83793e+08 -6.46684e+08  7.83793e+08  6.46684e+08
-6.46684e+08 -5.33559e+08  6.46684e+08  5.33559e+08

Member (62 -> 71)
 1.40151e+09 -5.26032e+08 -1.40151e+09  5.26032e+08
-5.26032e+08  1.97437e+08  5.26032e+08 -1.97437e+08
-1.40151e+09  5.26032e+08  1.40151e+09 -5.26032e+08
 5.26032e+08 -1.97437e+08 -5.26032e+08  1.97437e+08

Member (71 -> 61)
 3.85498e+07  2.11275e+08 -3.85498e+07 -2.11275e+08
 2.11275e+08  1.15791e+09 -2.11275e+08 -1.15791e+09
-3.85498e+07 -2.11275e+08  3.85498e+07  2.11275e+08
-2.11275e+08 -1.15791e+09  2.11275e+08  1.15791e+09

Member (54 -> 72)
 5.69011e+08  4.71041e+08 -5.69011e+08 -4.71041e+08
 4.71041e+08  3.89939e+08 -4.71041e+08 -3.89939e+08
-5.69011e+08 -4.71041e+08  5.69011e+08  4.71041e+08
-4.71041e+08 -3.89939e+08  4.71041e+08  3.89939e+08

Member (72 -> 67)
 5.69011e+08  4.71041e+08 -5.69011e+08 -4.71041e+08
 4.71041e+08  3.89939e+08 -4.71041e+08 -3.89939e+08
-5.69011e+08 -4.71041e+08  5.69011e+08  4.71041e+08
-4.71041e+08 -3.89939e+08  4.71041e+08  3.89939e+08

Member (66 -> 72)
 1.24075e+09 -5.85337e+07 -1.24075e+09  5.85337e+07
-5.85337e+07  2.76138e+06  5.85337e+07 -2.76138e+06
-1.24075e+09  5.85337e+07  1.24075e+09 -5.85337e+07
 5.85337e+07 -2.76138e+06 -5.85337e+07  2.76138e+06

Member (72 -> 70)
 1.10619e+08   3.0201e+08 -1.10619e+08  -3.0201e+08
  3.0201e+08  8.24543e+08  -3.0201e+08 -8.24543e+08
-1.10619e+08  -3.0201e+08  1.10619e+08   3.0201e+08
 -3.0201e+08 -8.24543e+08   3.0201e+08  8.24543e+08

Member (72 -> 68)
 6.09742e+07  2.93356e+08 -6.09742e+07 -2.93356e+08
 2.93356e+08  1.41138e+09 -2.93356e+08 -1.41138e+09
-6.09742e+07 -2.93356e+08  6.09742e+07  2.93356e+08
-2.93356e+08 -1.41138e+09  2.93356e+08  1.41138e+09

Member (72 -> 69)
 4.54561e+08 -5.73732e+08 -4.54561e+08  5.73732e+08
-5.73732e+08  7.24147e+08  5.73732e+08 -7.24147e+08
-4.54561e+08  5.73732e+08  4.54561e+08 -5.73732e+08
 5.73732e+08 -7.24147e+08 -5.73732e+08  7.24147e+08

Member (72 -> 71)
 2.63351e+08   -6.301e+08 -2.63351e+08    6.301e+08
  -6.301e+08  1.50759e+09    6.301e+08 -1.50759e+09
-2.63351e+08    6.301e+08  2.63351e+08   -6.301e+08
   6.301e+08 -1.50759e+09   -6.301e+08  1.50759e+09

Member (54 -> 73)
 6.09736e+07  2.93354e+08 -6.09736e+07 -2.93354e+08
 2.93354e+08  1.41138e+09 -2.93354e+08 -1.41138e+09
-6.09736e+07 -2.93354e+08  6.09736e+07  2.93354e+08
-2.93354e+08 -1.41138e+09  2.93354e+08  1.41138e+09

Member (73 -> 69)
 6.09736e+07  2.93354e+08 -6.09736e+07 -2.93354e+08
 2.93354e+08  1.41138e+09 -2.93354e+08 -1.41138e+09
-6.09736e+07 -2.93354e+08  6.09736e+07  2.93354e+08
-2.93354e+08 -1.41138e+09  2.93354e+08  1.41138e+09

Member (72 -> 73)
 1.50361e+09           -0 -1.50361e+09            0
          -0            0            0           -0
-1.50361e+09            0  1.50361e+09           -0
           0           -0           -0            0

Member (73 -> 65)
 4.54561e+08 -5.73732e+08 -4.54561e+08  5.73732e+08
-5.73732e+08  7.24147e+08  5.73732e+08 -7.24147e+08
-4.54561e+08  5.73732e+08  4.54561e+08 -5.73732e+08
 5.73732e+08 -7.24147e+08 -5.73732e+08  7.24147e+08

Member (53 -> 74)
           0           -0           -0            0
          -0  1.42274e+09            0 -1.42274e+09
          -0            0            0           -0
           0 -1.42274e+09           -0  1.42274e+09

Member (74 -> 75)
           0           -0           -0            0
          -0  1.42274e+09            0 -1.42274e+09
          -0            0            0           -0
           0 -1.42274e+09           -0  1.42274e+09

Member (75 -> 76)
           0           -0           -0            0
          -0  1.42274e+09            0 -1.42274e+09
          -0            0            0           -0
           0 -1.42274e+09           -0  1.42274e+09

Member (76 -> 77)
           0           -0           -0            0
          -0  1.42274e+09            0 -1.42274e+09
          -0            0            0           -0
           0 -1.42274e+09           -0  1.42274e+09

Member (74 -> 78)
 2.4898e+09          -0 -2.4898e+09           0
         -0           0           0          -0
-2.4898e+09           0  2.4898e+09          -0
          0          -0          -0           0

Member (78 -> 63)
 2.4898e+09          -0 -2.4898e+09           0
         -0           0           0          -0
-2.4898e+09           0  2.4898e+09          -0
          0          -0          -0           0

Member (75 -> 79)
 2.4898e+09          -0 -2.4898e+09           0
         -0           0           0          -0
-2.4898e+09           0  2.4898e+09          -0
          0          -0          -0           0

Member (79 -> 62)
 2.4898e+09          -0 -2.4898e+09           0
         -0           0           0          -0
-2.4898e+09           0  2.4898e+09          -0
          0          -0          -0           0

Member (76 -> 80)
 2.4898e+09          -0 -2.4898e+09           0
         -0           0           0          -0
-2.4898e+09           0  2.4898e+09          -0
          0          -0          -0           0

Member (80 -> 66)
 2.4898e+09          -0 -2.4898e+09           0
         -0           0           0          -0
-2.4898e+09           0  2.4898e+09          -0
          0          -0          -0           0

Member (77 -> 81)
 2.4898e+09          -0 -2.4898e+09           0
         -0           0           0          -0
-2.4898e+09           0  2.4898e+09          -0
          0          -0          -0           0

Member (81 -> 67)
 2.4898e+09          -0 -2.4898e+09           0
         -0           0           0          -0
-2.4898e+09           0  2.4898e+09          -0
          0          -0          -0           0

Member (76 -> 81)
  3.0407e+08 -5.32123e+08  -3.0407e+08  5.32123e+08
-5.32123e+08  9.31215e+08  5.32123e+08 -9.31215e+08
 -3.0407e+08  5.32123e+08   3.0407e+08 -5.32123e+08
 5.32123e+08 -9.31215e+08 -5.32123e+08  9.31215e+08

Member (81 -> 66)
  3.0407e+08  5.32123e+08  -3.0407e+08 -5.32123e+08
 5.32123e+08  9.31215e+08 -5.32123e+08 -9.31215e+08
 -3.0407e+08 -5.32123e+08   3.0407e+08  5.32123e+08
-5.32123e+08 -9.31215e+08  5.32123e+08  9.31215e+08

Member (75 -> 80)
  3.0407e+08 -5.32123e+08  -3.0407e+08  5.32123e+08
-5.32123e+08  9.31215e+08  5.32123e+08 -9.31215e+08
 -3.0407e+08  5.32123e+08   3.0407e+08 -5.32123e+08
 5.32123e+08 -9.31215e+08 -5.32123e+08  9.31215e+08

Member (80 -> 62)
  3.0407e+08  5.32123e+08  -3.0407e+08 -5.32123e+08
 5.32123e+08  9.31215e+08 -5.32123e+08 -9.31215e+08
 -3.0407e+08 -5.32123e+08   3.0407e+08  5.32123e+08
-5.32123e+08 -9.31215e+08  5.32123e+08  9.31215e+08

Member (74 -> 79)
  3.0407e+08 -5.32123e+08  -3.0407e+08  5.32123e+08
-5.32123e+08  9.31215e+08  5.32123e+08 -9.31215e+08
 -3.0407e+08  5.32123e+08   3.0407e+08 -5.32123e+08
 5.32123e+08 -9.31215e+08 -5.32123e+08  9.31215e+08

Member (79 -> 63)
  3.0407e+08  5.32123e+08  -3.0407e+08 -5.32123e+08
 5.32123e+08  9.31215e+08 -5.32123e+08 -9.31215e+08
 -3.0407e+08 -5.32123e+08   3.0407e+08  5.32123e+08
-5.32123e+08 -9.31215e+08  5.32123e+08  9.31215e+08

Member (53 -> 78)
  3.0407e+08 -5.32123e+08  -3.0407e+08  5.32123e+08
-5.32123e+08  9.31215e+08  5.32123e+08 -9.31215e+08
 -3.0407e+08  5.32123e+08   3.0407e+08 -5.32123e+08
 5.32123e+08 -9.31215e+08 -5.32123e+08  9.31215e+08

Member (78 -> 52)
  3.0407e+08  5.32123e+08  -3.0407e+08 -5.32123e+08
 5.32123e+08  9.31215e+08 -5.32123e+08 -9.31215e+08
 -3.0407e+08 -5.32123e+08   3.0407e+08  5.32123e+08
-5.32123e+08 -9.31215e+08  5.32123e+08  9.31215e+08

Member (82 -> 83)
 8.84683e+08  4.71122e+08 -8.84683e+08 -4.71122e+08
 4.71122e+08  2.50887e+08 -4.71122e+08 -2.50887e+08
-8.84683e+08 -4.71122e+08  8.84683e+08  4.71122e+08
-4.71122e+08 -2.50887e+08  4.71122e+08  2.50887e+08

Member (83 -> 84)
 1.00706e+09  3.59754e+08 -1.00706e+09 -3.59754e+08
 3.59754e+08  1.28516e+08 -3.59754e+08 -1.28516e+08
-1.00706e+09 -3.59754e+08  1.00706e+09  3.59754e+08
-3.59754e+08 -1.28516e+08  3.59754e+08  1.28516e+08

Member (84 -> 85)
 1.18102e+09  2.42388e+08 -1.18102e+09 -2.42388e+08
 2.42388e+08  4.97468e+07 -2.42388e+08 -4.97468e+07
-1.18102e+09 -2.42388e+08  1.18102e+09  2.42388e+08
-2.42388e+08 -4.97468e+07  2.42388e+08  4.97468e+07

Member (85 -> 4)
 1.22518e+09  8.28049e+07 -1.22518e+09 -8.28049e+07
 8.28049e+07  5.59645e+06 -8.28049e+07 -5.59645e+06
-1.22518e+09 -8.28049e+07  1.22518e+09  8.28049e+07
-8.28049e+07 -5.59645e+06  8.28049e+07  5.59645e+06

Member (1 -> 86)
 2.46716e+09           -0 -2.46716e+09            0
