Member (0 -> 1)
 100   -0 -100    0
  -0    0    0   -0
-100    0  100   -0
   0   -0   -0    0

Member (1 -> 2)
     2.5e+06 -4.33013e+06     -2.5e+06  4.33013e+06
-4.33013e+06      7.5e+06  4.33013e+06     -7.5e+06
    -2.5e+06  4.33013e+06      2.5e+06 -4.33013e+06
 4.33013e+06     -7.5e+06 -4.33013e+06      7.5e+06

Member (2 -> 0)
     2.5e+06  4.33013e+06     -2.5e+06 -4.33013e+06
 4.33013e+06      7.5e+06 -4.33013e+06     -7.5e+06
    -2.5e+06 -4.33013e+06      2.5e+06  4.33013e+06
-4.33013e+06     -7.5e+06  4.33013e+06      7.5e+06

Global Stiffness Matrix
  2.5001e+06  4.33013e+06         -100            0  4.33013e+06     -2.5e+06
 4.33013e+06      7.5e+06            0            0      7.5e+06 -4.33013e+06
        -100            0   2.5001e+06 -4.33013e+06 -4.33013e+06     -2.5e+06
           0            0 -4.33013e+06      7.5e+06      7.5e+06  4.33013e+06
 4.33013e+06      7.5e+06 -4.33013e+06      7.5e+06      1.5e+07            0
    -2.5e+06 -4.33013e+06     -2.5e+06  4.33013e+06            0  4.99999e+06

Global Support Inclination Matrix
          1          -0           0           0           0           0
          0           1           0           0           0           0
          0           0           1          -0           0           0
          0           0           0           1           0           0
          0           0           0           0 6.12323e-17           1
          0           0           0           0          -1 6.12323e-17

Global Force Matrix
  0.000000
  0.000000
  0.000000
  0.000000
-60.000000
  0.000000

Reduced Global Stiffness Matrix
2500097.414084 -100.000000 4330125.525942 
-100.000000 2500097.414084 -4330125.525942 
4330125.525942 -4330125.525942 15000005.171832 


Reduced Global Force Matrix
0.000000
0.000000
-60.000000


Reduced Global Displacement Matrix
0.086602
-0.086602
-0.050004


Global Displacement Matrix
 0.086602
 0.000000
-0.086602
 0.000000
-0.050004
 0.000000

Global Resultant Matrix
  0.000000
-30.000000
  0.000000
-30.000000
  0.000000
 -0.000000

Global Displacement Matrix - Settlement Transformed
 0.086602
 0.000000
-0.086602
 0.000000
-0.000000
 0.050004

Global Resultant Matrix - Settlement Transformed
  0.000000
-30.000000
  0.000000
-30.000000
 -0.000000
 -0.000000

