Member (0 -> 1)
           0           -0           -0            0
          -0  1.91818e+06            0 -1.91818e+06
          -0            0            0           -0
           0 -1.91818e+06           -0  1.91818e+06

Member (1 -> 2)
 619898      -0 -619898       0
     -0       0       0      -0
-619898       0  619898      -0
      0      -0      -0       0

Member (1 -> 3)
           0           -0           -0            0
          -0  1.62308e+06            0 -1.62308e+06
          -0            0            0           -0
           0 -1.62308e+06           -0  1.62308e+06

Member (3 -> 4)
           0           -0           -0            0
          -0  1.62308e+06            0 -1.62308e+06
          -0            0            0           -0
           0 -1.62308e+06           -0  1.62308e+06

Member (5 -> 2)
           0           -0           -0            0
          -0  1.91818e+06            0 -1.91818e+06
          -0            0            0           -0
           0 -1.91818e+06           -0  1.91818e+06

Member (2 -> 6)
           0           -0           -0            0
          -0  1.62308e+06            0 -1.62308e+06
          -0            0            0           -0
           0 -1.62308e+06           -0  1.62308e+06

Member (6 -> 7)
           0           -0           -0            0
          -0  1.62308e+06            0 -1.62308e+06
          -0            0            0           -0
           0 -1.62308e+06           -0  1.62308e+06

Member (3 -> 6)
 619898      -0 -619898       0
     -0       0       0      -0
-619898       0  619898      -0
      0      -0      -0       0

Member (4 -> 7)
 619898      -0 -619898       0
     -0       0       0      -0
-619898       0  619898      -0
      0      -0      -0       0

Member (6 -> 4)
 26709.5    35431 -26709.5   -35431
   35431  47000.3   -35431 -47000.3
-26709.5   -35431  26709.5    35431
  -35431 -47000.3    35431  47000.3

Member (3 -> 7)
 26709.5   -35431 -26709.5    35431
  -35431  47000.3    35431 -47000.3
-26709.5    35431  26709.5   -35431
   35431 -47000.3   -35431  47000.3

Member (1 -> 6)
 26709.5   -35431 -26709.5    35431
  -35431  47000.3    35431 -47000.3
-26709.5    35431  26709.5   -35431
   35431 -47000.3   -35431  47000.3

Member (2 -> 3)
 26709.5    35431 -26709.5   -35431
   35431  47000.3   -35431 -47000.3
-26709.5   -35431  26709.5    35431
  -35431 -47000.3    35431  47000.3

Member (0 -> 2)
 36043.2 -40456.7 -36043.2  40456.7
-40456.7  45410.6  40456.7 -45410.6
-36043.2  40456.7  36043.2 -40456.7
 40456.7 -45410.6 -40456.7  45410.6

Member (5 -> 1)
 36043.2  40456.7 -36043.2 -40456.7
 40456.7  45410.6 -40456.7 -45410.6
-36043.2 -40456.7  36043.2  40456.7
-40456.7 -45410.6  40456.7  45410.6

Global Stiffness Matrix
     36043.2     -40456.7            0            0     -36043.2      40456.7            0            0            0            0            0            0            0            0            0            0
    -40456.7  1.96359e+06            0 -1.91818e+06      40456.7     -45410.6            0            0            0            0            0            0            0            0            0            0
           0            0       682651      5025.68      -619898            0            0            0            0            0     -36043.2     -40456.7     -26709.5        35431            0            0
           0 -1.91818e+06      5025.68  3.63367e+06            0            0            0 -1.62308e+06            0            0     -40456.7     -45410.6        35431     -47000.3            0            0
    -36043.2      40456.7      -619898            0       682651     -5025.68     -26709.5       -35431            0            0            0            0            0            0            0            0
     40456.7     -45410.6            0            0     -5025.68  3.63367e+06       -35431     -47000.3            0            0            0 -1.91818e+06            0 -1.62308e+06            0            0
           0            0            0            0     -26709.5       -35431       673317            0            0            0            0            0      -619898            0     -26709.5        35431
           0            0            0 -1.62308e+06       -35431     -47000.3            0  3.34015e+06            0 -1.62308e+06            0            0            0            0        35431     -47000.3
           0            0            0            0            0            0            0            0       646607        35431            0            0     -26709.5       -35431      -619898            0
           0            0            0            0            0            0            0 -1.62308e+06        35431  1.67008e+06            0            0       -35431     -47000.3            0            0
           0            0     -36043.2     -40456.7            0            0            0            0            0            0      36043.2      40456.7            0            0            0            0
           0            0     -40456.7     -45410.6            0 -1.91818e+06            0            0            0            0      40456.7  1.96359e+06            0            0            0            0
           0            0     -26709.5        35431            0            0      -619898            0     -26709.5       -35431            0            0       673317            0            0            0
           0            0        35431     -47000.3            0 -1.62308e+06            0            0       -35431     -47000.3            0            0            0  3.34015e+06            0 -1.62308e+06
           0            0            0            0            0            0     -26709.5        35431      -619898            0            0            0            0            0       646607       -35431
           0            0            0            0            0            0        35431     -47000.3            0            0            0            0            0 -1.62308e+06       -35431  1.67008e+06

Global Force Matrix
   0.000000
   0.000000
   0.000000
   0.000000
   0.000000
   0.000000
   0.000000
   0.000000
5280.000000
   0.000000
   0.000000
   0.000000
   0.000000
   0.000000
   0.000000
   0.000000

Global Penalty Stiffness Matrix
19181818181818.179688              0.000000              0.000000              0.000000              0.000000              0.000000              0.000000              0.000000              0.000000              0.000000              0.000000              0.000000              0.000000              0.000000              0.000000              0.000000
             0.000000 19181818181818.179688              0.000000              0.000000              0.000000              0.000000              0.000000              0.000000              0.000000              0.000000              0.000000              0.000000              0.000000              0.000000              0.000000              0.000000
             0.000000              0.000000              0.000000              0.000000              0.000000              0.000000              0.000000              0.000000              0.000000              0.000000              0.000000              0.000000              0.000000              0.000000              0.000000              0.000000
             0.000000              0.000000              0.000000              0.000000              0.000000              0.000000              0.000000              0.000000              0.000000              0.000000              0.000000              0.000000              0.000000              0.000000              0.000000              0.000000
             0.000000              0.000000              0.000000              0.000000              0.000000              0.000000              0.000000              0.000000              0.000000              0.000000              0.000000              0.000000              0.000000              0.000000              0.000000              0.000000
             0.000000              0.000000              0.000000              0.000000              0.000000              0.000000              0.000000              0.000000              0.000000              0.000000              0.000000              0.000000              0.000000              0.000000              0.000000              0.000000
             0.000000              0.000000              0.000000              0.000000              0.000000              0.000000              0.000000              0.000000              0.000000              0.000000              0.000000              0.000000              0.000000              0.000000              0.000000              0.000000
             0.000000              0.000000              0.000000              0.000000              0.000000              0.000000              0.000000              0.000000              0.000000              0.000000              0.000000              0.000000              0.000000              0.000000              0.000000              0.000000
             0.000000              0.000000              0.000000              0.000000              0.000000              0.000000              0.000000              0.000000              0.000000              0.000000              0.000000              0.000000              0.000000              0.000000              0.000000              0.000000
             0.000000              0.000000              0.000000              0.000000              0.000000              0.000000              0.000000              0.000000              0.000000              0.000000              0.000000              0.000000              0.000000              0.000000              0.000000              0.000000
             0.000000              0.000000              0.000000              0.000000              0.000000              0.000000              0.000000              0.000000              0.000000              0.000000 19181818181818.179688              0.000000              0.000000              0.000000              0.000000              0.000000
             0.000000              0.000000              0.000000              0.000000              0.000000              0.000000              0.000000              0.000000              0.000000              0.000000              0.000000 19181818181818.179688              0.000000              0.000000              0.000000              0.000000
             0.000000              0.000000              0.000000              0.000000              0.000000              0.000000              0.000000              0.000000              0.000000              0.000000              0.000000              0.000000              0.000000              0.000000              0.000000              0.000000
             0.000000              0.000000              0.000000              0.000000              0.000000              0.000000              0.000000              0.000000              0.000000              0.000000              0.000000              0.000000              0.000000              0.000000              0.000000              0.000000
             0.000000              0.000000              0.000000              0.000000              0.000000              0.000000              0.000000              0.000000              0.000000              0.000000              0.000000              0.000000              0.000000              0.000000              0.000000              0.000000
             0.000000              0.000000              0.000000              0.000000              0.000000              0.000000              0.000000              0.000000              0.000000              0.000000              0.000000              0.000000              0.000000              0.000000              0.000000              0.000000

Global Displacement Matrix
 0.000000
-0.000000
 0.083177
-0.008848
 0.083176
 0.008848
 0.214036
-0.015320
 0.358514
-0.017521
 0.000000
 0.000000
 0.214119
 0.015321
 0.354341
 0.017436

Global Resultant Matrix
 0.000000
-0.000000
-0.000000
 0.000000
 0.000000
-0.000000
-0.000000
-0.000000
 0.000000
-0.000000
 0.000000
 0.000000
-0.000000
-0.000000
-0.000000
 0.000000

