Member (0 -> 1)
           0           -0           -0            0
          -0  1.91818e+06            0 -1.91818e+06
          -0            0            0           -0
           0 -1.91818e+06           -0  1.91818e+06

Member (1 -> 2)
 619898      -0 -619898       0
     -0       0       0      -0
-619898       0  619898      -0
      0      -0      -0       0

Member (1 -> 3)
           0           -0           -0            0
          -0  1.62308e+06            0 -1.62308e+06
          -0            0            0           -0
           0 -1.62308e+06           -0  1.62308e+06

Member (3 -> 4)
           0           -0           -0            0
          -0  1.62308e+06            0 -1.62308e+06
          -0            0            0           -0
           0 -1.62308e+06           -0  1.62308e+06

Member (5 -> 2)
           0           -0           -0            0
          -0  1.91818e+06            0 -1.91818e+06
          -0            0            0           -0
           0 -1.91818e+06           -0  1.91818e+06

Member (2 -> 6)
           0           -0           -0            0
          -0  1.62308e+06            0 -1.62308e+06
          -0            0            0           -0
           0 -1.62308e+06           -0  1.62308e+06

Member (6 -> 7)
           0           -0           -0            0
          -0  1.62308e+06            0 -1.62308e+06
          -0            0            0           -0
           0 -1.62308e+06           -0  1.62308e+06

Member (3 -> 6)
 619898      -0 -619898       0
     -0       0       0      -0
-619898       0  619898      -0
      0      -0      -0       0

Member (4 -> 7)
 619898      -0 -619898       0
     -0       0       0      -0
-619898       0  619898      -0
      0      -0      -0       0

Member (6 -> 4)
 26709.5    35431 -26709.5   -35431
   35431  47000.3   -35431 -47000.3
-26709.5   -35431  26709.5    35431
  -35431 -47000.3    35431  47000.3

Member (3 -> 7)
 26709.5   -35431 -26709.5    35431
  -35431  47000.3    35431 -47000.3
-26709.5    35431  26709.5   -35431
   35431 -47000.3   -35431  47000.3

Member (1 -> 6)
 26709.5   -35431 -26709.5    35431
  -35431  47000.3    35431 -47000.3
-26709.5    35431  26709.5   -35431
   35431 -47000.3   -35431  47000.3

Member (2 -> 3)
 26709.5    35431 -26709.5   -35431
   35431  47000.3   -35431 -47000.3
-26709.5   -35431  26709.5    35431
  -35431 -47000.3    35431  47000.3

Member (0 -> 2)
 36043.2 -40456.7 -36043.2  40456.7
-40456.7  45410.6  40456.7 -45410.6
-36043.2  40456.7  36043.2 -40456.7
 40456.7 -45410.6 -40456.7  45410.6

Member (5 -> 1)
 36043.2  40456.7 -36043.2 -40456.7
 40456.7  45410.6 -40456.7 -45410.6
-36043.2 -40456.7  36043.2  40456.7
-40456.7 -45410.6  40456.7  45410.6

Global Stiffness Matrix
     36043.2     -40456.7            0            0     -36043.2      40456.7            0            0            0            0            0            0            0            0            0            0
    -40456.7  1.96359e+06            0 -1.91818e+06      40456.7     -45410.6            0            0            0            0            0            0            0            0            0            0
           0            0       682651      5025.68      -619898            0            0            0            0            0     -36043.2     -40456.7     -26709.5        35431            0            0
           0 -1.91818e+06      5025.68  3.63367e+06            0            0            0 -1.62308e+06            0            0     -40456.7     -45410.6        35431     -47000.3            0            0
    -36043.2      40456.7      -619898            0       682651     -5025.68     -26709.5       -35431            0            0            0            0            0            0            0            0
     40456.7     -45410.6            0            0     -5025.68  3.63367e+06       -35431     -47000.3            0            0            0 -1.91818e+06            0 -1.62308e+06            0            0
           0            0            0            0     -26709.5       -35431       673317            0            0            0            0            0      -619898            0     -26709.5        35431
           0            0            0 -1.62308e+06       -35431     -47000.3            0  3.34015e+06            0 -1.62308e+06            0            0            0            0        35431     -47000.3
           0            0            0            0            0            0            0            0       646607        35431            0            0     -26709.5       -35431      -619898            0
           0            0            0            0            0            0            0 -1.62308e+06        35431  1.67008e+06            0            0       -35431     -47000.3            0            0
           0            0     -36043.2     -40456.7            0            0            0            0            0            0      36043.2      40456.7            0            0            0            0
           0            0     -40456.7     -45410.6            0 -1.91818e+06            0            0            0            0      40456.7  1.96359e+06            0            0            0            0
           0            0     -26709.5        35431            0            0      -619898            0     -26709.5       -35431            0            0       673317            0            0            0
           0            0        35431     -47000.3            0 -1.62308e+06            0            0       -35431     -47000.3            0            0            0  3.34015e+06            0 -1.62308e+06
           0            0            0            0            0            0     -26709.5        35431      -619898            0            0            0            0            0       646607       -35431
           0            0            0            0            0            0        35431     -47000.3            0            0            0            0            0 -1.62308e+06       -35431  1.67008e+06

Global Force Matrix
   0
   0
   0
   0
   0
   0
   0
   0
5280
   0
   0
   0
   0
   0
   0
   0

Reduced Global Stiffness Matrix
Nonzero entries:
(682651,0) (5025.68,1) (-619898,2) (0,3) (0,4) (0,5) (0,6) (0,7) (-26709.5,8) (35431,9) (0,10) (0,11) (5025.68,0) (3.63367e+06,1) (0,2) (0,3) (0,4) (-1.62308e+06,5) (0,6) (0,7) (35431,8) (-47000.3,9) (0,10) (0,11) (-619898,0) (0,1) (682651,2) (-5025.68,3) (-26709.5,4) (-35431,5) (0,6) (0,7) (0,8) (0,9) (0,10) (0,11) (0,0) (0,1) (-5025.68,2) (3.63367e+06,3) (-35431,4) (-47000.3,5) (0,6) (0,7) (0,8) (-1.62308e+06,9) (0,10) (0,11) (0,0) (0,1) (-26709.5,2) (-35431,3) (673317,4) (0,5) (0,6) (0,7) (-619898,8) (0,9) (-26709.5,10) (35431,11) (0,0) (-1.62308e+06,1) (-35431,2) (-47000.3,3) (0,4) (3.34015e+06,5) (0,6) (-1.62308e+06,7) (0,8) (0,9) (35431,10) (-47000.3,11) (0,0) (0,1) (0,2) (0,3) (0,4) (0,5) (646607,6) (35431,7) (-26709.5,8) (-35431,9) (-619898,10) (0,11) (0,0) (0,1) (0,2) (0,3) (0,4) (-1.62308e+06,5) (35431,6) (1.67008e+06,7) (-35431,8) (-47000.3,9) (0,10) (0,11) (-26709.5,0) (35431,1) (0,2) (0,3) (-619898,4) (0,5) (-26709.5,6) (-35431,7) (673317,8) (0,9) (0,10) (0,11) (35431,0) (-47000.3,1) (0,2) (-1.62308e+06,3) (0,4) (0,5) (-35431,6) (-47000.3,7) (0,8) (3.34015e+06,9) (0,10) (-1.62308e+06,11) (0,0) (0,1) (0,2) (0,3) (-26709.5,4) (35431,5) (-619898,6) (0,7) (0,8) (0,9) (646607,10) (-35431,11) (0,0) (0,1) (0,2) (0,3) (35431,4) (-47000.3,5) (0,6) (0,7) (0,8) (-1.62308e+06,9) (-35431,10) (1.67008e+06,11) (_,_) 

Outer pointers:
0 12 24 36 48 60 72 84 96 108 120 132  $
Inner non zeros:
12 12 12 12 12 12 12 12 12 12 12 12  $

682651 5025.68 -619898 0 0 0 0 0 -26709.5 35431 0 0 
5025.68 3.63367e+06 0 0 0 -1.62308e+06 0 0 35431 -47000.3 0 0 
-619898 0 682651 -5025.68 -26709.5 -35431 0 0 0 0 0 0 
0 0 -5025.68 3.63367e+06 -35431 -47000.3 0 0 0 -1.62308e+06 0 0 
0 0 -26709.5 -35431 673317 0 0 0 -619898 0 -26709.5 35431 
0 -1.62308e+06 -35431 -47000.3 0 3.34015e+06 0 -1.62308e+06 0 0 35431 -47000.3 
0 0 0 0 0 0 646607 35431 -26709.5 -35431 -619898 0 
0 0 0 0 0 -1.62308e+06 35431 1.67008e+06 -35431 -47000.3 0 0 
-26709.5 35431 0 0 -619898 0 -26709.5 -35431 673317 0 0 0 
35431 -47000.3 0 -1.62308e+06 0 0 -35431 -47000.3 0 3.34015e+06 0 -1.62308e+06 
0 0 0 0 -26709.5 35431 -619898 0 0 0 646607 -35431 
0 0 0 0 35431 -47000.3 0 0 0 -1.62308e+06 -35431 1.67008e+06 


Reduced Global Force Matrix
Nonzero entries:
(0,0) (0,1) (0,2) (0,3) (0,4) (0,5) (5280,6) (0,7) (0,8) (0,9) (0,10) (0,11) (_,_) (_,_) (_,_) (_,_) (_,_) (_,_) (_,_) (_,_) (_,_) (_,_) (_,_) (_,_) 

Outer pointers:
0  $
Inner non zeros:
12  $

0
0
0
0
0
0
5280
0
0
0
0
0


Reduced Global Displacement Matrix
Nonzero entries:
(0.0831773,0) (-0.00884768,1) (0.0831756,2) (0.00884765,3) (0.214036,4) (-0.0153198,5) (0.358514,6) (-0.0175208,7) (0.214119,8) (0.0153215,9) (0.354341,10) (0.0174358,11) 

Outer pointers:
0  $

0.0831773
-0.00884768
0.0831756
0.00884765
0.214036
-0.0153198
0.358514
-0.0175208
0.214119
0.0153215
0.354341
0.0174358


Global Displacement Matrix
          0
          0
  0.0831773
-0.00884768
  0.0831756
 0.00884765
   0.214036
 -0.0153198
   0.358514
 -0.0175208
          0
          0
   0.214119
  0.0153215
   0.354341
  0.0174358

Global Resultant Matrix
    -2639.97
     19934.7
 9.66338e-12
 1.10276e-11
 6.25278e-12
 1.45519e-11
-2.17142e-11
-8.07177e-12
-2.91038e-11
 5.57066e-12
    -2640.03
    -19934.7
 5.82077e-11
-1.45519e-11
  4.8999e-11
-7.27596e-12

Global Displacement Matrix - Settlement Transformed
          0
          0
  0.0831773
-0.00884768
  0.0831756
 0.00884765
   0.214036
 -0.0153198
   0.358514
 -0.0175208
          0
          0
   0.214119
  0.0153215
   0.354341
  0.0174358

Global Resultant Matrix - Settlement Transformed
    -2639.97
     19934.7
 9.66338e-12
 1.10276e-11
 6.25278e-12
 1.45519e-11
-2.17142e-11
-8.07177e-12
-2.91038e-11
 5.57066e-12
    -2640.03
    -19934.7
 5.82077e-11
-1.45519e-11
  4.8999e-11
-7.27596e-12

